1             24.958        
2             24.957        
3             24.956        
4             24.955        
5             24.955        
6             24.954        
7             24.953        
8             24.953        
9             24.952        
10            24.952        
11            24.951        
12            24.949        
13            24.949        
14            24.949        
15            24.948        
16            24.947        
17            24.946        
18            24.947        
19            24.946        
20            24.945        
21            24.945        
22            24.945        
23            24.945        
24            24.945        
25            24.943        
26            24.943        
27            24.941        
28            24.940        
29            24.940        
30            24.940        
31            24.940        
32            24.939        
33            24.938        
34            24.938        
35            24.936        
36            24.935        
37            24.935        
38            24.934        
39            24.934        
40            24.934        
41            24.932        
42            24.932        
43            24.931        
44            24.931        
45            24.931        
46            24.931        
47            24.930        
48            24.928        
49            24.928        
50            24.927        
51            24.926        
52            24.926        
53            24.925        
54            24.925        
55            24.925        
56            24.923        
57            24.923        
58            24.923        
59            24.921        
60            24.921        
61            24.920        
62            24.920        
63            24.919        
64            24.918        
65            24.917        
66            24.917        
67            24.916        
68            24.915        
69            24.915        
70            24.915        
71            24.914        
72            24.913        
73            24.913        
74            24.913        
75            24.911        
76            24.911        
77            24.909        
78            24.909        
79            24.909        
80            24.909        
81            24.908        
82            24.908        
83            24.906        
84            24.906        
85            24.905        
86            24.905        
87            24.904        
88            24.904        
89            24.904        
90            24.902        
91            24.901        
92            24.901        
93            24.900        
94            24.900        
95            24.900        
96            24.898        
97            24.897        
98            24.897        
99            24.896        
100           24.896        
101           24.895        
102           24.895        
103           24.894        
104           24.894        
105           24.894        
106           24.892        
107           24.891        
108           24.891        
109           24.891        
110           24.890        
111           24.889        
112           24.889        
113           24.889        
114           24.888        
115           24.887        
116           24.887        
117           24.886        
118           24.886        
119           24.885        
120           24.883        
121           24.883        
122           24.883        
123           24.883        
124           24.883        
125           24.882        
126           24.881        
127           24.881        
128           24.880        
129           24.879        
130           24.879        
131           24.879        
132           24.878        
133           24.878        
134           24.878        
135           24.878        
136           24.878        
137           24.879        
138           24.882        
139           24.883        
140           24.885        
141           24.887        
142           24.889        
143           24.894        
144           24.898        
145           24.901        
146           24.909        
147           24.913        
148           24.917        
149           24.920        
150           24.922        
151           24.926        
152           24.928        
153           24.930        
154           24.930        
155           24.930        
156           24.929        
157           24.928        
158           24.927        
159           24.926        
160           24.926        
161           24.924        
162           24.924        
163           24.924        
164           24.923        
165           24.923        
166           24.923        
167           24.923        
168           24.922        
169           24.921        
170           24.921        
171           24.921        
172           24.920        
173           24.920        
174           24.919        
175           24.918        
176           24.918        
177           24.917        
178           24.917        
179           24.917        
180           24.915        
181           24.915        
182           24.915        
183           24.914        
184           24.914        
185           24.913        
186           24.912        
187           24.912        
188           24.912        
189           24.912        
190           24.911        
191           24.911        
192           24.910        
193           24.909        
194           24.908        
195           24.907        
196           24.907        
197           24.907        
198           24.906        
199           24.905        
200           24.905        
201           24.904        
202           24.904        
203           24.903        
204           24.902        
205           24.901        
206           24.901        
207           24.900        
208           24.899        
209           24.900        
210           24.899        
211           24.897        
212           24.897        
213           24.897        
214           24.896        
215           24.896        
216           24.895        
217           24.894        
218           24.894        
219           24.892        
220           24.892        
221           24.892        
222           24.891        
223           24.891        
224           24.890        
225           24.890        
226           24.889        
227           24.888        
228           24.887        
229           24.887        
230           24.887        
231           24.886        
232           24.885        
233           24.884        
234           24.885        
235           24.884        
236           24.883        
237           24.883        
238           24.883        
239           24.882        
240           24.881        
241           24.881        
242           24.881        
243           24.880        
244           24.880        
245           24.880        
246           24.879        
247           24.879        
248           24.878        
249           24.878        
250           24.879        
251           24.881        
252           24.882        
253           24.886        
254           24.891        
255           24.894        
256           24.898        
257           24.902        
258           24.906        
259           24.909        
260           24.911        
261           24.915        
262           24.917        
263           24.919        
264           24.923        
265           24.923        
266           24.924        
267           24.925        
268           24.924        
269           24.925        
270           24.925        
271           24.925        
272           24.926        
273           24.926        
274           24.925        
275           24.925        
276           24.925        
277           24.925        
278           24.924        
279           24.923        
280           24.923        
281           24.923        
282           24.922        
283           24.922        
284           24.921        
285           24.920        
286           24.920        
287           24.918        
288           24.918        
289           24.918        
290           24.917        
291           24.917        
292           24.917        
293           24.916        
294           24.915        
295           24.915        
296           24.915        
297           24.915        
298           24.914        
299           24.913        
300           24.913        
301           24.912        
302           24.912        
303           24.911        
304           24.911        
305           24.911        
306           24.909        
307           24.909        
308           24.908        
309           24.907        
310           24.907        
311           24.906        
312           24.905        
313           24.905        
314           24.904        
315           24.904        
316           24.903        
317           24.903        
318           24.902        
319           24.901        
320           24.901        
321           24.900        
322           24.900        
323           24.900        
324           24.899        
325           24.897        
326           24.896        
327           24.896        
328           24.895        
329           24.895        
330           24.894        
331           24.894        
332           24.893        
333           24.893        
334           24.892        
335           24.892        
336           24.891        
337           24.890        
338           24.889        
339           24.889        
340           24.889        
341           24.889        
342           24.887        
343           24.887        
344           24.886        
345           24.885        
346           24.885        
347           24.885        
348           24.884        
349           24.883        
350           24.883        
351           24.883        
352           24.883        
353           24.882        
354           24.882        
355           24.881        
356           24.881        
357           24.881        
358           24.880        
359           24.880        
360           24.879        
361           24.878        
362           24.879        
363           24.879        
364           24.880        
365           24.881        
366           24.884        
367           24.886        
368           24.887        
369           24.890        
370           24.892        
371           24.897        
372           24.899        
373           24.901        
374           24.908        
375           24.911        
376           24.914        
377           24.918        
378           24.919        
379           24.922        
380           24.923        
381           24.925        
382           24.926        
383           24.926        
384           24.925        
385           24.925        
386           24.924        
387           24.924        
388           24.924        
389           24.924        
390           24.925        
391           24.924        
392           24.923        
393           24.923        
394           24.923        
395           24.923        
396           24.922        
397           24.922        
398           24.921        
399           24.920        
400           24.920        
401           24.919        
402           24.919        
403           24.918        
404           24.917        
405           24.917        
406           24.917        
407           24.917        
408           24.916        
409           24.916        
410           24.915        
411           24.914        
412           24.914        
413           24.914        
414           24.913        
415           24.913        
416           24.912        
417           24.911        
418           24.911        
419           24.910        
420           24.909        
421           24.908        
422           24.907        
423           24.907        
424           24.906        
425           24.905        
426           24.905        
427           24.904        
428           24.904        
429           24.903        
430           24.903        
431           24.902        
432           24.902        
433           24.902        
434           24.901        
435           24.900        
436           24.900        
437           24.899        
438           24.898        
439           24.898        
440           24.897        
441           24.897        
442           24.896        
443           24.895        
444           24.895        
445           24.894        
446           24.894        
447           24.894        
448           24.893        
449           24.892        
450           24.891        
451           24.890        
452           24.890        
453           24.889        
454           24.888        
455           24.888        
456           24.887        
457           24.886        
458           24.885        
459           24.885        
460           24.884        
461           24.884        
462           24.884        
463           24.884        
464           24.884        
465           24.883        
466           24.883        
467           24.882        
468           24.881        
469           24.881        
470           24.881        
471           24.880        
472           24.880        
473           24.880        
474           24.879        
475           24.878        
476           24.879        
477           24.879        
478           24.880        
479           24.882        
480           24.883        
481           24.884        
482           24.886        
483           24.888        
484           24.894        
485           24.899        
486           24.903        
487           24.909        
488           24.913        
489           24.916        
490           24.918        
491           24.919        
492           24.922        
493           24.922        
494           24.922        
495           24.922        
496           24.922        
497           24.921        
498           24.920        
499           24.920        
500           24.920        
501           24.920        
502           24.920        
503           24.920        
504           24.921        
505           24.921        
506           24.921        
507           24.921        
508           24.921        
509           24.920        
510           24.920        
511           24.919        
512           24.918        
513           24.917        
514           24.916        
515           24.916        
516           24.915        
517           24.915        
518           24.915        
519           24.914        
520           24.914        
521           24.913        
522           24.913        
523           24.912        
524           24.911        
525           24.911        
526           24.909        
527           24.909        
528           24.909        
529           24.907        
530           24.907        
531           24.907        
532           24.907        
533           24.906        
534           24.906        
535           24.906        
536           24.906        
537           24.905        
538           24.905        
539           24.904        
540           24.903        
541           24.903        
542           24.902        
543           24.901        
544           24.900        
545           24.900        
546           24.899        
547           24.898        
548           24.897        
549           24.897        
550           24.896        
551           24.896        
552           24.896        
553           24.895        
554           24.894        
555           24.893        
556           24.892        
557           24.892        
558           24.891        
559           24.891        
560           24.889        
561           24.889        
562           24.889        
563           24.887        
564           24.887        
565           24.887        
566           24.886        
567           24.886        
568           24.885        
569           24.886        
570           24.885        
571           24.884        
572           24.884        
573           24.884        
574           24.883        
575           24.883        
576           24.881        
577           24.881        
578           24.881        
579           24.880        
580           24.880        
581           24.879        
582           24.878        
583           24.878        
584           24.878        
585           24.878        
586           24.878        
587           24.879        
588           24.880        
589           24.883        
590           24.883        
591           24.885        
592           24.890        
593           24.894        
594           24.902        
595           24.904        
596           24.907        
597           24.913        
598           24.916        
599           24.918        
600           24.922        
601           24.923        
602           24.925        
603           24.926        
604           24.927        
605           24.928        
606           24.928        
607           24.928        
608           24.928        
609           24.927        
610           24.927        
611           24.927        
612           24.926        
613           24.926        
614           24.926        
615           24.925        
616           24.925        
617           24.925        
618           24.924        
619           24.924        
620           24.923        
621           24.923        
622           24.923        
623           24.922        
624           24.922        
625           24.921        
626           24.921        
627           24.920        
628           24.919        
629           24.918        
630           24.918        
631           24.917        
632           24.917        
633           24.916        
634           24.915        
635           24.915        
636           24.914        
637           24.914        
638           24.914        
639           24.913        
640           24.913        
641           24.912        
642           24.911        
643           24.911        
644           24.911        
645           24.910        
646           24.909        
647           24.909        
648           24.908        
649           24.908        
650           24.908        
651           24.907        
652           24.905        
653           24.905        
654           24.905        
655           24.904        
656           24.903        
657           24.902        
658           24.902        
659           24.902        
660           24.901        
661           24.900        
662           24.900        
663           24.899        
664           24.898        
665           24.898        
666           24.897        
667           24.895        
668           24.895        
669           24.894        
670           24.894        
671           24.893        
672           24.893        
673           24.893        
674           24.893        
675           24.892        
676           24.891        
677           24.891        
678           24.890        
679           24.889        
680           24.889        
681           24.889        
682           24.888        
683           24.887        
684           24.886        
685           24.885        
686           24.885        
687           24.885        
688           24.885        
689           24.884        
690           24.883        
691           24.883        
692           24.883        
693           24.882        
694           24.881        
695           24.881        
696           24.881        
697           24.880        
698           24.879        
699           24.879        
700           24.879        
701           24.878        
702           24.878        
703           24.878        
704           24.878        
705           24.881        
706           24.883        
707           24.888        
708           24.889        
709           24.890        
710           24.893        
711           24.895        
712           24.899        
713           24.902        
714           24.905        
715           24.912        
716           24.915        
717           24.919        
718           24.924        
719           24.926        
720           24.929        
721           24.930        
722           24.930        
723           24.931        
724           24.930        
725           24.930        
726           24.929        
727           24.929        
728           24.929        
729           24.929        
