1             18.476        
2             18.483        
3             18.490        
4             18.494        
5             18.498        
6             18.510        
7             18.517        
8             18.522        
9             18.533        
10            18.539        
11            18.550        
12            18.555        
13            18.561        
14            18.573        
15            18.578        
16            18.591        
17            18.598        
18            18.606        
19            18.620        
20            18.627        
21            18.634        
22            18.644        
23            18.648        
24            18.660        
25            18.667        
26            18.673        
27            18.687        
28            18.694        
29            18.702        
30            18.714        
31            18.719        
32            18.728        
33            18.733        
34            18.737        
35            18.746        
36            18.751        
37            18.761        
38            18.767        
39            18.774        
40            18.788        
41            18.795        
42            18.803        
43            18.819        
44            18.825        
45            18.832        
46            18.836        
47            18.842        
48            18.852        
49            18.858        
50            18.863        
51            18.878        
52            18.885        
53            18.896        
54            18.900        
55            18.905        
56            18.920        
57            18.931        
58            18.941        
59            18.955        
60            18.960        
61            18.972        
62            18.978        
63            18.981        
64            18.991        
65            18.996        
66            19.002        
67            19.007        
68            19.011        
69            19.020        
70            19.025        
71            19.030        
72            19.043        
73            19.051        
74            19.063        
75            19.071        
76            19.078        
77            19.091        
78            19.098        
79            19.105        
80            19.116        
81            19.120        
82            19.128        
83            19.132        
84            19.135        
85            19.143        
86            19.146        
87            19.158        
88            19.163        
89            19.168        
90            19.182        
91            19.190        
92            19.198        
93            19.209        
94            19.214        
95            19.228        
96            19.237        
97            19.246        
98            19.258        
99            19.262        
100           19.275        
101           19.282        
102           19.287        
103           19.297        
104           19.303        
105           19.308        
106           19.316        
107           19.321        
108           19.331        
109           19.336        
110           19.342        
111           19.352        
112           19.358        
113           19.365        
114           19.381        
115           19.387        
116           19.395        
117           19.399        
118           19.405        
119           19.421        
120           19.428        
121           19.441        
122           19.447        
123           19.451        
124           19.461        
125           19.466        
126           19.472        
127           19.483        
128           19.489        
129           19.498        
130           19.502        
131           19.506        
132           19.516        
133           19.520        
134           19.525        
135           19.538        
136           19.545        
137           19.557        
138           19.563        
139           19.568        
140           19.577        
141           19.583        
142           19.595        
143           19.601        
144           19.607        
145           19.618        
146           19.623        
147           19.627        
148           19.636        
149           19.641        
150           19.652        
151           19.657        
152           19.661        
153           19.671        
154           19.678        
155           19.685        
156           19.702        
157           19.708        
158           19.722        
159           19.728        
160           19.732        
161           19.743        
162           19.750        
163           19.764        
164           19.771        
165           19.778        
166           19.790        
167           19.796        
168           19.802        
169           19.812        
170           19.818        
171           19.832        
172           19.839        
173           19.845        
174           19.854        
175           19.858        
176           19.861        
177           19.867        
178           19.872        
179           19.880        
180           19.884        
181           19.888        
182           19.897        
183           19.901        
184           19.909        
185           19.913        
186           19.918        
187           19.928        
188           19.937        
189           19.946        
190           19.961        
191           19.969        
192           19.978        
193           19.983        
194           19.987        
195           19.998        
196           20.003        
197           20.008        
198           20.017        
199           20.022        
200           20.035        
201           20.042        
202           20.048        
203           20.056        
204           20.061        
205           20.066        
206           20.077        
207           20.083        
208           20.095        
209           20.101        
210           20.109        
211           20.124        
212           20.130        
213           20.145        
214           20.152        
215           20.159        
216           20.168        
217           20.174        
218           20.179        
219           20.189        
220           20.192        
221           20.199        
222           20.202        
223           20.206        
224           20.217        
225           20.222        
226           20.232        
227           20.237        
228           20.242        
229           20.254        
230           20.260        
231           20.267        
232           20.279        
233           20.284        
234           20.291        
235           20.295        
236           20.298        
237           20.306        
238           20.312        
239           20.317        
240           20.328        
241           20.332        
242           20.343        
243           20.348        
244           20.355        
245           20.368        
246           20.373        
247           20.383        
248           20.389        
249           20.394        
250           20.408        
251           20.415        
252           20.421        
253           20.433        
254           20.438        
255           20.446        
256           20.450        
257           20.456        
258           20.471        
259           20.479        
260           20.486        
261           20.495        
262           20.499        
263           20.507        
264           20.511        
265           20.515        
266           20.520        
267           20.523        
268           20.532        
269           20.536        
270           20.541        
271           20.551        
272           20.556        
273           20.561        
274           20.574        
275           20.580        
276           20.593        
277           20.597        
278           20.602        
279           20.612        
280           20.618        
281           20.626        
282           20.636        
283           20.640        
284           20.650        
285           20.655        
286           20.660        
287           20.670        
288           20.675        
289           20.687        
290           20.691        
291           20.696        
292           20.707        
293           20.716        
294           20.726        
295           20.741        
296           20.744        
297           20.751        
298           20.756        
299           20.762        
300           20.776        
301           20.783        
302           20.788        
303           20.799        
304           20.805        
305           20.815        
306           20.820        
307           20.822        
308           20.830        
309           20.835        
310           20.848        
311           20.853        
312           20.857        
313           20.863        
314           20.866        
315           20.869        
316           20.877        
317           20.883        
318           20.897        
319           20.905        
320           20.912        
321           20.921        
322           20.924        
323           20.927        
324           20.933        
325           20.936        
326           20.945        
327           20.952        
328           20.960        
329           20.975        
330           20.981        
331           20.989        
332           20.994        
333           20.999        
334           21.005        
335           21.009        
336           21.014        
337           21.027        
338           21.033        
339           21.047        
340           21.053        
341           21.061        
342           21.074        
343           21.079        
344           21.083        
345           21.086        
346           21.088        
347           21.097        
348           21.102        
349           21.107        
350           21.117        
351           21.126        
352           21.143        
353           21.149        
354           21.155        
355           21.163        
356           21.167        
357           21.172        
358           21.182        
359           21.188        
360           21.197        
361           21.200        
362           21.203        
363           21.209        
364           21.212        
365           21.221        
366           21.226        
367           21.231        
368           21.241        
369           21.247        
370           21.253        
371           21.264        
372           21.268        
373           21.279        
374           21.287        
375           21.294        
376           21.308        
377           21.312        
378           21.317        
379           21.325        
380           21.327        
381           21.334        
382           21.338        
383           21.341        
384           21.352        
385           21.357        
386           21.368        
387           21.374        
388           21.381        
389           21.391        
390           21.395        
391           21.399        
392           21.407        
393           21.413        
394           21.424        
395           21.430        
396           21.435        
397           21.448        
398           21.456        
399           21.464        
400           21.476        
401           21.480        
402           21.488        
403           21.492        
404           21.497        
405           21.509        
406           21.514        
407           21.522        
408           21.526        
409           21.532        
410           21.540        
411           21.543        
412           21.548        
413           21.559        
414           21.564        
415           21.572        
416           21.579        
417           21.585        
418           21.595        
419           21.602        
420           21.608        
421           21.618        
422           21.622        
423           21.632        
424           21.639        
425           21.645        
426           21.655        
427           21.660        
428           21.664        
429           21.673        
430           21.677        
431           21.681        
432           21.685        
433           21.689        
434           21.699        
435           21.706        
436           21.718        
437           21.722        
438           21.726        
439           21.735        
440           21.739        
441           21.744        
442           21.755        
443           21.758        
444           21.769        
445           21.775        
446           21.780        
447           21.789        
448           21.794        
449           21.805        
450           21.811        
451           21.816        
452           21.823        
453           21.827        
454           21.831        
455           21.842        
456           21.850        
457           21.863        
458           21.869        
459           21.874        
460           21.881        
461           21.887        
462           21.893        
463           21.901        
464           21.905        
465           21.914        
466           21.916        
467           21.920        
468           21.930        
469           21.934        
470           21.942        
471           21.948        
472           21.955        
473           21.969        
474           21.975        
475           21.981        
476           21.993        
477           21.999        
478           22.009        
479           22.013        
480           22.016        
481           22.027        
482           22.033        
483           22.039        
484           22.045        
485           22.049        
486           22.057        
487           22.060        
488           22.065        
489           22.074        
490           22.080        
491           22.091        
492           22.096        
493           22.101        
494           22.113        
495           22.119        
496           22.124        
497           22.135        
498           22.139        
499           22.147        
500           22.150        
501           22.155        
502           22.162        
503           22.167        
504           22.172        
505           22.182        
506           22.186        
507           22.198        
508           22.205        
509           22.211        
510           22.225        
511           22.232        
512           22.243        
513           22.247        
514           22.251        
515           22.259        
516           22.264        
517           22.268        
518           22.276        
519           22.278        
520           22.284        
521           22.287        
522           22.292        
523           22.302        
524           22.308        
525           22.314        
526           22.326        
527           22.331        
528           22.342        
529           22.349        
530           22.354        
531           22.363        
532           22.367        
533           22.374        
534           22.376        
535           22.380        
536           22.391        
537           22.398        
538           22.405        
539           22.417        
540           22.422        
541           22.431        
542           22.434        
543           22.439        
544           22.449        
545           22.456        
546           22.462        
547           22.469        
548           22.472        
549           22.481        
550           22.485        
551           22.489        
552           22.497        
553           22.504        
554           22.513        
555           22.515        
556           22.518        
557           22.526        
558           22.531        
559           22.536        
560           22.549        
561           22.555        
562           22.563        
563           22.567        
564           22.570        
565           22.580        
566           22.585        
567           22.591        
568           22.603        
569           22.611        
570           22.625        
571           22.629        
572           22.631        
573           22.640        
574           22.644        
575           22.652        
576           22.656        
577           22.660        
578           22.669        
579           22.675        
580           22.681        
581           22.694        
582           22.699        
583           22.705        
584           22.707        
585           22.710        
586           22.715        
587           22.719        
588           22.722        
589           22.732        
590           22.738        
591           22.749        
592           22.754        
593           22.760        
594           22.769        
595           22.773        
596           22.780        
597           22.784        
598           22.787        
599           22.798        
600           22.803        
601           22.808        
602           22.819        
603           22.824        
604           22.834        
605           22.839        
606           22.845        
607           22.858        
608           22.863        
609           22.869        
610           22.877        
611           22.881        
612           22.887        
613           22.890        
614           22.894        
615           22.901        
616           22.905        
617           22.915        
618           22.920        
619           22.926        
620           22.937        
621           22.944        
622           22.951        
623           22.963        
624           22.968        
625           22.976        
626           22.982        
627           22.988        
628           22.998        
629           23.001        
630           23.004        
631           23.009        
632           23.012        
633           23.017        
634           23.021        
635           23.026        
636           23.037        
637           23.042        
638           23.051        
639           23.055        
640           23.061        
641           23.074        
642           23.081        
643           23.087        
644           23.098        
645           23.103        
646           23.113        
647           23.120        
648           23.125        
649           23.133        
650           23.137        
651           23.140        
652           23.145        
653           23.148        
654           23.156        
655           23.160        
656           23.167        
657           23.178        
658           23.182        
659           23.191        
660           23.196        
661           23.200        
662           23.207        
663           23.212        
664           23.216        
665           23.224        
666           23.228        
667           23.239        
668           23.244        
669           23.248        
670           23.254        
671           23.255        
672           23.259        
673           23.267        
674           23.271        
675           23.284        
676           23.288        
677           23.292        
678           23.302        
679           23.309        
680           23.324        
681           23.330        
682           23.334        
683           23.341        
684           23.344        
685           23.347        
686           23.354        
687           23.359        
688           23.372        
689           23.379        
690           23.384        
691           23.392        
692           23.395        
693           23.405        
694           23.411        
695           23.417        
696           23.427        
697           23.431        
698           23.434        
699           23.438        
700           23.441        
701           23.447        
702           23.451        
703           23.455        
704           23.463        
705           23.467        
706           23.470        
707           23.478        
708           23.482        
709           23.492        
710           23.498        
711           23.503        
712           23.511        
713           23.514        
714           23.521        
715           23.524        
716           23.528        
717           23.539        
718           23.544        
719           23.549        
720           23.561        
721           23.567        
722           23.577        
723           23.581        
724           23.586        
725           23.598        
726           23.603        
727           23.608        
728           23.619        
729           23.623        
730           23.635        
731           23.641        
732           23.647        
733           23.657        
734           23.661        
735           23.666        
736           23.669        
737           23.672        
738           23.679        
739           23.682        
740           23.686        
741           23.696        
742           23.701        
743           23.708        
744           23.713        
745           23.717        
746           23.724        
747           23.727        
748           23.730        
749           23.738        
750           23.741        
751           23.751        
752           23.756        
753           23.763        
754           23.774        
755           23.777        
756           23.786        
757           23.790        
758           23.795        
759           23.803        
760           23.809        
761           23.814        
762           23.821        
763           23.825        
764           23.832        
765           23.838        
766           23.844        
767           23.850        
768           23.854        
769           23.858        
770           23.866        
771           23.871        
772           23.881        
773           23.885        
774           23.890        
775           23.900        
776           23.904        
777           23.910        
778           23.913        
779           23.916        
780           23.924        
781           23.928        
782           23.933        
783           23.944        
784           23.950        
785           23.958        
786           23.962        
787           23.967        
788           23.977        
789           23.983        
790           23.988        
791           23.999        
792           24.004        
793           24.009        
794           24.012        
795           24.016        
796           24.025        
797           24.031        
798           24.042        
799           24.047        
800           24.050        
801           24.054        
802           24.057        
803           24.061        
804           24.072        
805           24.078        
806           24.087        
807           24.092        
808           24.097        
809           24.105        
810           24.107        
811           24.111        
812           24.120        
813           24.125        
814           24.132        
815           24.135        
816           24.138        
817           24.144        
818           24.147        
819           24.154        
820           24.160        
821           24.166        
822           24.175        
823           24.180        
824           24.185        
825           24.192        
826           24.196        
827           24.201        
828           24.203        
829           24.206        
830           24.217        
831           24.224        
832           24.228        
833           24.236        
834           24.240        
835           24.250        
836           24.256        
837           24.260        
838           24.269        
839           24.274        
840           24.284        
841           24.289        
842           24.292        
843           24.297        
844           24.302        
845           24.306        
846           24.312        
847           24.315        
848           24.325        
849           24.329        
850           24.333        
851           24.342        
852           24.346        
853           24.352        
854           24.360        
855           24.365        
856           24.374        
857           24.377        
858           24.381        
859           24.390        
860           24.393        
861           24.401        
862           24.405        
863           24.410        
864           24.423        
865           24.430        
866           24.436        
867           24.448        
868           24.450        
869           24.455        
870           24.458        
871           24.461        
872           24.469        
873           24.473        
874           24.476        
875           24.483        
876           24.488        
877           24.501        
878           24.506        
879           24.510        
880           24.517        
881           24.521        
882           24.532        
883           24.536        
884           24.540        
885           24.548        
886           24.549        
887           24.551        
888           24.559        
889           24.562        
890           24.572        
891           24.575        
892           24.578        
893           24.584        
894           24.587        
895           24.591        
896           24.599        
897           24.604        
898           24.612        
899           24.616        
900           24.620        
901           24.631        
902           24.636        
903           24.645        
904           24.647        
905           24.650        
906           24.656        
907           24.661        
908           24.666        
909           24.675        
910           24.681        
911           24.694        
912           24.700        
913           24.705        
914           24.713        
915           24.717        
916           24.721        
917           24.730        
918           24.733        
919           24.741        
920           24.746        
921           24.752        
922           24.767        
923           24.772        
924           24.776        
925           24.776        
926           24.778        
927           24.785        
928           24.787        
929           24.792        
930           24.801        
931           24.806        
932           24.811        
933           24.814        
934           24.817        
935           24.823        
936           24.828        
937           24.836        
938           24.839        
939           24.843        
940           24.853        
941           24.857        
942           24.860        
943           24.869        
944           24.873        
945           24.883        
946           24.888        
947           24.892        
948           24.899        
949           24.903        
950           24.907        
951           24.914        
952           24.919        
953           24.929        
954           24.934        
955           24.939        
956           24.947        
957           24.950        
958           24.958        
959           24.961        
960           24.965        
961           24.973        
962           24.976        
963           24.980        
964           24.987        
965           24.991        
966           24.994        
967           24.993        
968           24.994        
969           24.994        
970           24.994        
971           24.994        
972           24.996        
973           24.996        
974           24.996        
975           24.997        
976           24.997        
977           24.997        
978           24.997        
979           24.997        
980           24.997        
981           24.997        
982           24.998        
983           24.998        
984           24.997        
985           24.997        
986           24.997        
987           24.997        
988           24.997        
989           24.996        
990           24.996        
991           24.996        
992           24.996        
993           24.995        
994           24.995        
995           24.995        
996           24.995        
997           24.994        
998           24.994        
999           24.994        
1000          24.994        
1001          24.994        
1002          24.992        
1003          24.992        
1004          24.992        
1005          24.991        
1006          24.991        
1007          24.991        
1008          24.990        
1009          24.989        
1010          24.990        
1011          24.990        
1012          24.989        
1013          24.989        
1014          24.988        
1015          24.988        
1016          24.987        
1017          24.988        
1018          24.988        
1019          24.986        
1020          24.987        
1021          24.987        
1022          24.986        
1023          24.986        
1024          24.984        
1025          24.984        
1026          24.984        
1027          24.984        
1028          24.984        
1029          24.984        
1030          24.983        
1031          24.983        
1032          24.983        
1033          24.983        
1034          24.982        
1035          24.982        
1036          24.981        
1037          24.981        
1038          24.981        
1039          24.981        
1040          24.979        
1041          24.979        
1042          24.979        
1043          24.979        
1044          24.979        
1045          24.978        
1046          24.978        
1047          24.978        
1048          24.978        
1049          24.977        
1050          24.977        
1051          24.976        
1052          24.976        
1053          24.976        
1054          24.976        
1055          24.976        
1056          24.975        
1057          24.974        
1058          24.974        
1059          24.974        
1060          24.974        
1061          24.973        
1062          24.973        
1063          24.972        
1064          24.972        
1065          24.972        
1066          24.971        
1067          24.971        
1068          24.970        
1069          24.970        
1070          24.970        
1071          24.970        
1072          24.969        
1073          24.969        
1074          24.969        
1075          24.969        
1076          24.968        
1077          24.967        
1078          24.967        
1079          24.967        
1080          24.967        
1081          24.966        
1082          24.967        
1083          24.966        
1084          24.965        
1085          24.965        
1086          24.964        
1087          24.965        
1088          24.965        
1089          24.963        
1090          24.963        
1091          24.963        
1092          24.963        
1093          24.962        
1094          24.962        
1095          24.961        
1096          24.961        
1097          24.960        
1098          24.960        
1099          24.960        
1100          24.960        
1101          24.959        
1102          24.959        
1103          24.958        
1104          24.958        
1105          24.958        
1106          24.957        
1107          24.957        
1108          24.957        
1109          24.957        
1110          24.957        
1111          24.957        
1112          24.956        
1113          24.955        
1114          24.955        
1115          24.955        
1116          24.954        
1117          24.954        
1118          24.954        
1119          24.953        
1120          24.953        
1121          24.953        
1122          24.953        
1123          24.953        
1124          24.952        
1125          24.952        
1126          24.951        
1127          24.950        
1128          24.949        
1129          24.950        
1130          24.950        
1131          24.950        
1132          24.950        
1133          24.949        
1134          24.949        
1135          24.948        
1136          24.948        
1137          24.947        
1138          24.947        
1139          24.947        
1140          24.946        
1141          24.946        
1142          24.946        
1143          24.946        
1144          24.946        
1145          24.945        
1146          24.945        
1147          24.944        
1148          24.944        
1149          24.944        
1150          24.944        
1151          24.944        
1152          24.943        
1153          24.943        
1154          24.943        
1155          24.942        
1156          24.942        
1157          24.942        
1158          24.941        
1159          24.940        
1160          24.940        
1161          24.940        
1162          24.939        
1163          24.939        
1164          24.939        
1165          24.938        
1166          24.938        
1167          24.938        
1168          24.938        
1169          24.938        
1170          24.938        
1171          24.936        
1172          24.936        
1173          24.936        
1174          24.936        
1175          24.935        
1176          24.935        
1177          24.935        
1178          24.935        
1179          24.937        
1180          24.938        
1181          24.941        
1182          24.947        
1183          24.950        
1184          24.955        
1185          24.958        
1186          24.960        
1187          24.966        
1188          24.969        
1189          24.975        
1190          24.977        
1191          24.978        
1192          24.981        
1193          24.983        
1194          24.983        
1195          24.983        
1196          24.983        
1197          24.983        
1198          24.983        
1199          24.983        
1200          24.983        
1201          24.982        
1202          24.982        
1203          24.982        
1204          24.982        
1205          24.982        
1206          24.982        
1207          24.982        
1208          24.982        
1209          24.982        
1210          24.981        
1211          24.981        
1212          24.981        
1213          24.980        
1214          24.980        
1215          24.980        
1216          24.980        
1217          24.980        
1218          24.980        
1219          24.979        
1220          24.979        
1221          24.979        
1222          24.979        
1223          24.978        
1224          24.978        
1225          24.978        
1226          24.976        
1227          24.976        
1228          24.977        
1229          24.976        
1230          24.976        
1231          24.976        
1232          24.976        
1233          24.976        
1234          24.975        
1235          24.975        
1236          24.974        
1237          24.974        
1238          24.974        
1239          24.973        
1240          24.973        
1241          24.973        
1242          24.973        
1243          24.973        
1244          24.972        
1245          24.972        
1246          24.972        
1247          24.971        
1248          24.970        
1249          24.971        
1250          24.970        
1251          24.969        
1252          24.968        
1253          24.968        
1254          24.968        
1255          24.968        
1256          24.968        
1257          24.968        
1258          24.968        
1259          24.967        
1260          24.967        
1261          24.966        
1262          24.967        
1263          24.966        
1264          24.966        
1265          24.966        
1266          24.965        
1267          24.964        
1268          24.964        
1269          24.964        
1270          24.963        
1271          24.963        
1272          24.962        
1273          24.962        
1274          24.962        
1275          24.962        
1276          24.961        
1277          24.961        
1278          24.961        
1279          24.960        
1280          24.960        
1281          24.960        
1282          24.960        
1283          24.959        
1284          24.959        
1285          24.959        
1286          24.958        
1287          24.959        
1288          24.958        
1289          24.958        
1290          24.957        
1291          24.957        
1292          24.957        
1293          24.957        
1294          24.956        
1295          24.956        
1296          24.955        
1297          24.955        
1298          24.955        
1299          24.955        
1300          24.954        
1301          24.954        
1302          24.952        
1303          24.952        
1304          24.952        
1305          24.952        
1306          24.952        
1307          24.951        
1308          24.951        
1309          24.951        
1310          24.951        
1311          24.951        
1312          24.950        
1313          24.950        
1314          24.950        
1315          24.949        
1316          24.949        
1317          24.949        
1318          24.948        
1319          24.948        
1320          24.947        
1321          24.947        
1322          24.947        
1323          24.946        
1324          24.946        
1325          24.947        
1326          24.946        
1327          24.946        
1328          24.946        
1329          24.946        
1330          24.946        
1331          24.946        
1332          24.946        
1333          24.946        
1334          24.944        
1335          24.944        
1336          24.943        
1337          24.943        
1338          24.943        
1339          24.942        
1340          24.942        
1341          24.942        
1342          24.941        
1343          24.941        
1344          24.940        
1345          24.941        
1346          24.941        
1347          24.939        
1348          24.939        
1349          24.939        
1350          24.939        
1351          24.939        
1352          24.938        
1353          24.938        
1354          24.938        
1355          24.937        
1356          24.937        
1357          24.937        
1358          24.936        
1359          24.936        
1360          24.936        
1361          24.936        
1362          24.936        
1363          24.935        
1364          24.935        
1365          24.934        
1366          24.934        
1367          24.934        
1368          24.934        
1369          24.934        
1370          24.936        
1371          24.936        
1372          24.938        
1373          24.944        
1374          24.945        
1375          24.947        
1376          24.952        
1377          24.955        
1378          24.961        
1379          24.963        
1380          24.965        
1381          24.970        
1382          24.971        
1383          24.973        
1384          24.973        
1385          24.974        
1386          24.975        
1387          24.975        
1388          24.976        
1389          24.976        
1390          24.975        
1391          24.977        
1392          24.977        
1393          24.977        
1394          24.978        
1395          24.978        
1396          24.978        
1397          24.977        
1398          24.977        
1399          24.977        
1400          24.977        
1401          24.977        
1402          24.977        
1403          24.977        
1404          24.977        
1405          24.977        
1406          24.977        
1407          24.976        
1408          24.976        
1409          24.976        
1410          24.975        
1411          24.975        
1412          24.974        
1413          24.974        
1414          24.974        
1415          24.973        
1416          24.973        
1417          24.973        
1418          24.973        
1419          24.973        
1420          24.973        
1421          24.972        
1422          24.972        
1423          24.972        
1424          24.972        
1425          24.971        
1426          24.971        
1427          24.971        
1428          24.971        
1429          24.971        
1430          24.970        
1431          24.970        
1432          24.969        
1433          24.969        
1434          24.969        
1435          24.968        
1436          24.968        
1437          24.968        
1438          24.968        
1439          24.967        
1440          24.967        
1441          24.966        
1442          24.966        
1443          24.966        
1444          24.966        
1445          24.965        
1446          24.965        
1447          24.965        
1448          24.965        
1449          24.964        
1450          24.964        
1451          24.963        
1452          24.963        
1453          24.962        
1454          24.962        
1455          24.962        
1456          24.962        
1457          24.961        
1458          24.961        
1459          24.961        
1460          24.961        
1461          24.960        
1462          24.959        
1463          24.960        
1464          24.959        
1465          24.959        
1466          24.959        
1467          24.959        
1468          24.958        
1469          24.958        
1470          24.957        
1471          24.956        
1472          24.957        
1473          24.957        
1474          24.957        
1475          24.956        
1476          24.956        
1477          24.955        
1478          24.955        
1479          24.955        
1480          24.955        
1481          24.954        
1482          24.953        
1483          24.953        
1484          24.953        
1485          24.953        
1486          24.953        
1487          24.952        
1488          24.951        
1489          24.952        
1490          24.952        
1491          24.951        
1492          24.951        
1493          24.950        
1494          24.950        
1495          24.950        
1496          24.949        
1497          24.949        
1498          24.949        
1499          24.949        
1500          24.949        
1501          24.948        
1502          24.948        
1503          24.947        
1504          24.947        
1505          24.947        
1506          24.947        
1507          24.946        
1508          24.946        
1509          24.946        
1510          24.946        
1511          24.946        
1512          24.945        
1513          24.945        
1514          24.945        
1515          24.945        
1516          24.944        
1517          24.944        
1518          24.943        
1519          24.943        
1520          24.943        
1521          24.943        
1522          24.942        
1523          24.941        
1524          24.941        
1525          24.941        
1526          24.940        
1527          24.940        
1528          24.940        
1529          24.940        
1530          24.939        
1531          24.939        
1532          24.939        
1533          24.938        
1534          24.938        
1535          24.938        
1536          24.938        
1537          24.938        
1538          24.937        
1539          24.937        
1540          24.937        
1541          24.936        
1542          24.935        
1543          24.936        
1544          24.936        
1545          24.936        
1546          24.937        
1547          24.938        
1548          24.939        
1549          24.943        
1550          24.944        
1551          24.948        
1552          24.951        
1553          24.954        
1554          24.961        
1555          24.966        
1556          24.971        
1557          24.978        
1558          24.980        
1559          24.983        
1560          24.985        
1561          24.985        
1562          24.985        
1563          24.985        
1564          24.984        
1565          24.984        
1566          24.983        
1567          24.984        
1568          24.984        
1569          24.984        
1570          24.984        
1571          24.984        
1572          24.984        
1573          24.984        
1574          24.984        
1575          24.984        
1576          24.984        
1577          24.984        
1578          24.983        
1579          24.983        
1580          24.982        
1581          24.982        
1582          24.982        
1583          24.981        
1584          24.981        
1585          24.981        
1586          24.980        
1587          24.980        
1588          24.980        
1589          24.980        
1590          24.979        
1591          24.979        
1592          24.979        
1593          24.978        
1594          24.978        
1595          24.978        
1596          24.978        
1597          24.979        
1598          24.979        
1599          24.978        
1600          24.977        
1601          24.977        
1602          24.977        
1603          24.977        
1604          24.976        
1605          24.976        
1606          24.976        
1607          24.975        
1608          24.975        
1609          24.974        
1610          24.974        
1611          24.974        
1612          24.974        
1613          24.974        
1614          24.973        
1615          24.973        
1616          24.972        
1617          24.972        
1618          24.971        
1619          24.971        
1620          24.971        
1621          24.970        
1622          24.970        
1623          24.970        
1624          24.970        
1625          24.970        
1626          24.969        
1627          24.969        
1628          24.969        
1629          24.969        
1630          24.968        
1631          24.968        
1632          24.968        
1633          24.967        
1634          24.967        
1635          24.967        
1636          24.967        
1637          24.966        
1638          24.966        
1639          24.966        
1640          24.965        
1641          24.965        
1642          24.965        
1643          24.964        
1644          24.964        
1645          24.964        
1646          24.963        
1647          24.963        
1648          24.963        
1649          24.963        
1650          24.962        
1651          24.962        
1652          24.961        
1653          24.961        
1654          24.961        
1655          24.961        
1656          24.960        
1657          24.960        
1658          24.961        
1659          24.960        
1660          24.960        
1661          24.960        
1662          24.958        
1663          24.958        
1664          24.958        
1665          24.959        
1666          24.958        
1667          24.957        
1668          24.957        
1669          24.958        
1670          24.957        
1671          24.956        
1672          24.956        
1673          24.956        
1674          24.956        
1675          24.956        
1676          24.956        
1677          24.955        
1678          24.954        
1679          24.954        
1680          24.953        
1681          24.952        
1682          24.952        
1683          24.952        
1684          24.952        
1685          24.952        
1686          24.952        
1687          24.951        
1688          24.951        
1689          24.951        
1690          24.951        
1691          24.950        
1692          24.950        
1693          24.950        
1694          24.950        
1695          24.949        
1696          24.949        
1697          24.948        
1698          24.948        
1699          24.948        
1700          24.947        
1701          24.947        
1702          24.947        
1703          24.947        
1704          24.947        
1705          24.946        
1706          24.946        
1707          24.946        
1708          24.946        
1709          24.945        
1710          24.945        
1711          24.944        
1712          24.944        
1713          24.944        
1714          24.944        
1715          24.943        
1716          24.943        
1717          24.943        
1718          24.942        
1719          24.942        
1720          24.943        
1721          24.942        
1722          24.942        
1723          24.941        
1724          24.941        
1725          24.941        
1726          24.940        
1727          24.940        
1728          24.940        
1729          24.940        
1730          24.939        
1731          24.939        
1732          24.938        
1733          24.938        
1734          24.938        
1735          24.938        
1736          24.938        
1737          24.938        
1738          24.936        
1739          24.936        
1740          24.936        
1741          24.936        
1742          24.936        
1743          24.936        
1744          24.937        
1745          24.938        
1746          24.942        
1747          24.944        
1748          24.949        
1749          24.951        
1750          24.953        
1751          24.957        
1752          24.962        
1753          24.972        
1754          24.976        
1755          24.980        
1756          24.988        
1757          24.989        
1758          24.990        
1759          24.991        
1760          24.991        
1761          24.990        
1762          24.989        
1763          24.989        
1764          24.988        
1765          24.988        
1766          24.988        
1767          24.987        
1768          24.987        
1769          24.987        
1770          24.986        
1771          24.986        
1772          24.986        
1773          24.986        
1774          24.985        
1775          24.985        
1776          24.985        
1777          24.985        
1778          24.984        
1779          24.984        
1780          24.984        
1781          24.984        
1782          24.983        
1783          24.983        
1784          24.983        
1785          24.983        
1786          24.983        
1787          24.982        
1788          24.982        
1789          24.981        
1790          24.981        
1791          24.981        
1792          24.980        
1793          24.980        
1794          24.980        
1795          24.980        
1796          24.980        
1797          24.979        
1798          24.979        
1799          24.979        
1800          24.979        
1801          24.978        
1802          24.979        
1803          24.978        
1804          24.978        
1805          24.977        
1806          24.977        
1807          24.977        
1808          24.976        
1809          24.976        
1810          24.976        
1811          24.975        
1812          24.975        
1813          24.975        
1814          24.975        
1815          24.974        
1816          24.974        
1817          24.974        
1818          24.973        
1819          24.973        
1820          24.973        
1821          24.973        
1822          24.973        
1823          24.972        
1824          24.972        
1825          24.972        
1826          24.971        
1827          24.971        
1828          24.970        
1829          24.971        
1830          24.970        
1831          24.970        
1832          24.969        
1833          24.969        
1834          24.969        
1835          24.969        
1836          24.968        
1837          24.968        
1838          24.968        
1839          24.967        
1840          24.967        
1841          24.967        
1842          24.967        
1843          24.967        
1844          24.966        
1845          24.965        
1846          24.965        
1847          24.965        
1848          24.965        
1849          24.965        
1850          24.965        
1851          24.964        
1852          24.964        
1853          24.964        
1854          24.963        
1855          24.963        
1856          24.963        
1857          24.962        
1858          24.962        
1859          24.962        
1860          24.961        
1861          24.961        
1862          24.961        
1863          24.960        
1864          24.960        
1865          24.959        
1866          24.959        
1867          24.959        
1868          24.959        
1869          24.958        
1870          24.958        
1871          24.957        
1872          24.957        
1873          24.957        
1874          24.957        
1875          24.957        
1876          24.957        
1877          24.956        
1878          24.955        
1879          24.956        
1880          24.955        
1881          24.955        
1882          24.954        
1883          24.954        
1884          24.954        
1885          24.954        
1886          24.953        
1887          24.953        
1888          24.952        
1889          24.953        
1890          24.953        
1891          24.952        
1892          24.951        
1893          24.951        
1894          24.951        
1895          24.951        
1896          24.950        
1897          24.950        
1898          24.950        
1899          24.950        
1900          24.949        
1901          24.949        
1902          24.948        
1903          24.949        
1904          24.948        
1905          24.948        
1906          24.947        
1907          24.947        
1908          24.947        
1909          24.947        
1910          24.947        
1911          24.946        
1912          24.947        
1913          24.947        
1914          24.946        
1915          24.946        
1916          24.945        
1917          24.945        
1918          24.944        
1919          24.944        
1920          24.944        
1921          24.944        
1922          24.943        
1923          24.943        
1924          24.943        
1925          24.942        
1926          24.942        
1927          24.941        
1928          24.940        
1929          24.940        
1930          24.940        
1931          24.940        
1932          24.940        
1933          24.940        
1934          24.939        
1935          24.939        
1936          24.940        
1937          24.939        
1938          24.938        
1939          24.937        
1940          24.938        
1941          24.937        
1942          24.936        
1943          24.936        
1944          24.936        
1945          24.935        
1946          24.936        
1947          24.936        
1948          24.935        
1949          24.935        
1950          24.935        
1951          24.936        
1952          24.937        
1953          24.940        
1954          24.942        
1955          24.947        
1956          24.949        
1957          24.951        
1958          24.957        
1959          24.960        
1960          24.964        
1961          24.969        
1962          24.971        
1963          24.973        
1964          24.973        
1965          24.974        
1966          24.974        
1967          24.974        
1968          24.974        
1969          24.973        
1970          24.974        
1971          24.975        
1972          24.975        
1973          24.975        
1974          24.976        
1975          24.976        
1976          24.976        
1977          24.976        
1978          24.977        
1979          24.976        
1980          24.975        
1981          24.975        
1982          24.976        
1983          24.976        
1984          24.976        
1985          24.976        
1986          24.976        
1987          24.975        
1988          24.975        
1989          24.975        
1990          24.974        
1991          24.974        
1992          24.973        
1993          24.973        
1994          24.974        
1995          24.973        
1996          24.973        
1997          24.972        
1998          24.973        
1999          24.972        
2000          24.972        
2001          24.972        
2002          24.972        
2003          24.971        
2004          24.971        
2005          24.970        
2006          24.970        
2007          24.969        
2008          24.969        
2009          24.969        
2010          24.969        
2011          24.968        
2012          24.968        
2013          24.968        
2014          24.968        
2015          24.968        
2016          24.967        
2017          24.967        
2018          24.966        
2019          24.966        
2020          24.965        
2021          24.965        
2022          24.965        
2023          24.964        
2024          24.964        
2025          24.964        
2026          24.964        
2027          24.964        
2028          24.963        
2029          24.963        
2030          24.962        
2031          24.963        
2032          24.962        
2033          24.962        
2034          24.962        
2035          24.961        
2036          24.960        
2037          24.960        
2038          24.960        
2039          24.960        
2040          24.959        
2041          24.959        
2042          24.959        
2043          24.958        
2044          24.958        
2045          24.958        
2046          24.958        
2047          24.957        
2048          24.957        
2049          24.957        
2050          24.956        
2051          24.956        
2052          24.955        
2053          24.955        
2054          24.955        
2055          24.955        
2056          24.954        
2057          24.954        
2058          24.955        
2059          24.954        
2060          24.954        
2061          24.954        
2062          24.953        
2063          24.952        
2064          24.952        
2065          24.952        
2066          24.952        
2067          24.952        
2068          24.951        
2069          24.951        
2070          24.951        
2071          24.950        
2072          24.950        
2073          24.950        
2074          24.950        
2075          24.950        
2076          24.949        
2077          24.949        
2078          24.949        
2079          24.949        
2080          24.948        
2081          24.947        
2082          24.947        
2083          24.947        
2084          24.947        
2085          24.947        
2086          24.947        
2087          24.946        
2088          24.946        
2089          24.946        
2090          24.946        
2091          24.946        
2092          24.945        
2093          24.945        
2094          24.944        
2095          24.943        
2096          24.943        
2097          24.943        
2098          24.943        
2099          24.943        
2100          24.942        
2101          24.942        
2102          24.942        
2103          24.942        
2104          24.941        
2105          24.941        
2106          24.941        
2107          24.940        
2108          24.940        
2109          24.939        
2110          24.939        
2111          24.939        
2112          24.939        
2113          24.938        
2114          24.938        
2115          24.938        
2116          24.938        
2117          24.938        
2118          24.938        
2119          24.937        
2120          24.937        
2121          24.936        
2122          24.936        
2123          24.935        
2124          24.935        
2125          24.935        
2126          24.936        
2127          24.936        
2128          24.937        
2129          24.940        
2130          24.942        
2131          24.946        
2132          24.948        
2133          24.951        
2134          24.956        
2135          24.959        
2136          24.963        
2137          24.965        
2138          24.966        
2139          24.968        
2140          24.969        
2141          24.969        
2142          24.969        
2143          24.969        
2144          24.970        
2145          24.970        
2146          24.970        
2147          24.969        
2148          24.969        
2149          24.970        
2150          24.969        
2151          24.969        
2152          24.969        
2153          24.969        
2154          24.969        
2155          24.969        
2156          24.969        
2157          24.968        
2158          24.968        
2159          24.968        
2160          24.968        
2161          24.968        
2162          24.968        
2163          24.968        
2164          24.967        
2165          24.966        
2166          24.966        
2167          24.966        
2168          24.966        
2169          24.966        
2170          24.965        
2171          24.965        
2172          24.965        
2173          24.965        
2174          24.964        
2175          24.964        
2176          24.963        
2177          24.964        
2178          24.963        
2179          24.962        
2180          24.961        
2181          24.962        
2182          24.963        
2183          24.962        
2184          24.961        
2185          24.961        
2186          24.961        
2187          24.961        
2188          24.961        
2189          24.960        
2190          24.960        
2191          24.959        
2192          24.959        
2193          24.959        
2194          24.959        
2195          24.958        
2196          24.958        
2197          24.957        
2198          24.958        
2199          24.957        
2200          24.956        
2201          24.956        
2202          24.956        
2203          24.956        
2204          24.956        
2205          24.955        
2206          24.955        
2207          24.955        
2208          24.955        
2209          24.955        
2210          24.954        
2211          24.954        
2212          24.954        
2213          24.953        
2214          24.953        
2215          24.953        
2216          24.953        
2217          24.952        
2218          24.951        
2219          24.951        
2220          24.951        
2221          24.951        
2222          24.950        
2223          24.950        
2224          24.950        
2225          24.949        
2226          24.949        
2227          24.949        
2228          24.949        
2229          24.949        
2230          24.949        
2231          24.947        
2232          24.947        
2233          24.947        
2234          24.947        
2235          24.947        
2236          24.946        
2237          24.946        
2238          24.946        
2239          24.945        
2240          24.945        
2241          24.945        
2242          24.945        
2243          24.944        
2244          24.944        
2245          24.943        
2246          24.944        
2247          24.944        
2248          24.943        
2249          24.943        
2250          24.942        
2251          24.942        
2252          24.942        
2253          24.942        
2254          24.941        
2255          24.941        
2256          24.941        
2257          24.941        
2258          24.941        
2259          24.941        
2260          24.941        
2261          24.941        
2262          24.939        
2263          24.939        
2264          24.939        
2265          24.939        
2266          24.938        
2267          24.937        
2268          24.937        
2269          24.937        
2270          24.937        
2271          24.937        
2272          24.936        
2273          24.937        
2274          24.936        
2275          24.936        
2276          24.937        
2277          24.938        
2278          24.940        
2279          24.942        
2280          24.943        
2281          24.949        
2282          24.950        
2283          24.956        
2284          24.958        
2285          24.961        
2286          24.964        
2287          24.966        
2288          24.967        
2289          24.970        
2290          24.971        
2291          24.972        
2292          24.973        
2293          24.973        
2294          24.973        
2295          24.973        
2296          24.973        
2297          24.972        
2298          24.972        
2299          24.971        
2300          24.971        
2301          24.971        
2302          24.973        
2303          24.972        
2304          24.972        
2305          24.972        
2306          24.971        
2307          24.971        
2308          24.971        
2309          24.971        
2310          24.971        
2311          24.970        
2312          24.970        
2313          24.970        
2314          24.970        
