1             24.943        
2             24.943        
3             24.943        
4             24.942        
5             24.942        
6             24.942        
7             24.942        
8             24.942        
9             24.941        
10            24.941        
11            24.940        
12            24.940        
13            24.940        
14            24.939        
15            24.939        
16            24.939        
17            24.938        
18            24.938        
19            24.937        
20            24.937        
21            24.937        
22            24.937        
23            24.937        
24            24.936        
25            24.936        
26            24.936        
27            24.936        
28            24.936        
29            24.936        
30            24.936        
31            24.937        
32            24.937        
33            24.938        
34            24.939        
35            24.939        
36            24.940        
37            24.941        
38            24.942        
39            24.943        
40            24.945        
41            24.946        
42            24.947        
43            24.947        
44            24.948        
45            24.948        
46            24.949        
47            24.949        
48            24.950        
49            24.949        
50            24.949        
51            24.950        
52            24.950        
53            24.949        
54            24.949        
55            24.949        
56            24.948        
57            24.948        
58            24.948        
59            24.948        
60            24.948        
61            24.948        
62            24.948        
63            24.948        
64            24.948        
65            24.947        
66            24.947        
67            24.947        
68            24.947        
69            24.946        
70            24.946        
71            24.946        
72            24.946        
73            24.945        
74            24.945        
75            24.945        
76            24.945        
77            24.945        
78            24.945        
79            24.944        
80            24.944        
81            24.943        
82            24.943        
83            24.942        
84            24.942        
85            24.941        
86            24.941        
87            24.941        
88            24.941        
89            24.941        
90            24.941        
91            24.940        
92            24.940        
93            24.940        
94            24.939        
95            24.939        
96            24.939        
97            24.939        
98            24.938        
99            24.939        
100           24.939        
101           24.938        
102           24.937        
103           24.937        
104           24.937        
105           24.936        
106           24.937        
107           24.937        
108           24.938        
109           24.938        
110           24.939        
111           24.940        
112           24.941        
113           24.942        
114           24.943        
115           24.944        
116           24.946        
117           24.947        
118           24.948        
119           24.949        
120           24.950        
121           24.950        
122           24.949        
123           24.949        
124           24.950        
125           24.950        
126           24.950        
127           24.949        
128           24.949        
129           24.949        
130           24.949        
131           24.949        
132           24.949        
133           24.948        
134           24.948        
135           24.948        
136           24.948        
137           24.947        
138           24.947        
139           24.947        
140           24.947        
141           24.947        
142           24.947        
143           24.946        
144           24.946        
145           24.946        
146           24.946        
147           24.945        
148           24.945        
149           24.945        
150           24.945        
151           24.945        
152           24.944        
153           24.943        
154           24.943        
155           24.943        
156           24.943        
157           24.943        
158           24.942        
159           24.943        
160           24.942        
161           24.942        
162           24.942        
163           24.941        
164           24.941        
165           24.941        
166           24.940        
167           24.940        
168           24.939        
169           24.939        
170           24.939        
171           24.938        
172           24.938        
173           24.938        
174           24.938        
175           24.937        
176           24.937        
177           24.937        
178           24.936        
179           24.936        
180           24.937        
181           24.936        
182           24.936        
183           24.937        
184           24.937        
185           24.937        
186           24.938        
187           24.939        
188           24.940        
189           24.941        
190           24.942        
191           24.944        
192           24.944        
193           24.945        
194           24.946        
195           24.947        
196           24.948        
197           24.948        
198           24.949        
199           24.949        
200           24.950        
201           24.949        
202           24.948        
203           24.948        
204           24.949        
205           24.948        
206           24.947        
207           24.947        
208           24.947        
209           24.947        
210           24.947        
211           24.947        
212           24.947        
213           24.947        
214           24.947        
215           24.947        
216           24.947        
217           24.946        
218           24.946        
219           24.946        
220           24.946        
221           24.945        
222           24.945        
223           24.945        
224           24.944        
225           24.944        
226           24.944        
227           24.942        
228           24.943        
229           24.943        
230           24.942        
231           24.943        
232           24.942        
233           24.942        
234           24.941        
235           24.940        
236           24.940        
237           24.941        
238           24.941        
239           24.940        
240           24.939        
241           24.939        
242           24.939        
243           24.939        
244           24.938        
245           24.938        
246           24.938        
247           24.938        
248           24.937        
249           24.937        
250           24.937        
251           24.936        
252           24.936        
253           24.935        
254           24.934        
255           24.935        
256           24.935        
257           24.936        
258           24.936        
259           24.936        
260           24.937        
261           24.939        
262           24.940        
263           24.941        
264           24.942        
265           24.943        
266           24.945        
267           24.945        
268           24.946        
269           24.947        
270           24.947        
271           24.949        
272           24.949        
273           24.949        
274           24.950        
275           24.949        
276           24.950        
277           24.949        
278           24.949        
279           24.949        
280           24.948        
281           24.948        
282           24.948        
283           24.947        
284           24.947        
285           24.947        
286           24.947        
287           24.947        
288           24.947        
289           24.947        
290           24.947        
291           24.947        
292           24.945        
293           24.945        
294           24.946        
295           24.945        
296           24.945        
297           24.945        
298           24.945        
299           24.944        
300           24.943        
301           24.943        
302           24.943        
303           24.943        
304           24.943        
305           24.942        
306           24.942        
307           24.941        
308           24.941        
309           24.941        
310           24.941        
311           24.941        
312           24.940        
313           24.940        
314           24.940        
315           24.940        
316           24.939        
317           24.938        
318           24.937        
319           24.937        
320           24.938        
321           24.937        
322           24.937        
323           24.937        
324           24.936        
325           24.936        
326           24.936        
327           24.936        
328           24.936        
329           24.936        
330           24.935        
331           24.935        
332           24.935        
333           24.936        
334           24.938        
335           24.938        
336           24.939        
337           24.941        
338           24.941        
339           24.943        
340           24.944        
341           24.945        
342           24.946        
343           24.946        
344           24.947        
345           24.947        
346           24.948        
347           24.948        
348           24.949        
349           24.949        
350           24.949        
351           24.949        
352           24.949        
353           24.949        
354           24.949        
355           24.948        
356           24.948        
357           24.949        
358           24.948        
359           24.948        
360           24.947        
361           24.947        
362           24.947        
363           24.947        
364           24.947        
365           24.946        
366           24.946        
367           24.946        
368           24.945        
369           24.945        
370           24.945        
371           24.944        
372           24.944        
373           24.944        
374           24.943        
375           24.943        
376           24.942        
377           24.943        
378           24.943        
379           24.942        
380           24.942        
381           24.942        
382           24.942        
383           24.941        
384           24.941        
385           24.941        
386           24.940        
387           24.940        
388           24.940        
389           24.939        
390           24.939        
391           24.938        
392           24.938        
393           24.939        
394           24.938        
395           24.937        
396           24.937        
397           24.937        
398           24.938        
399           24.937        
400           24.936        
401           24.936        
402           24.935        
403           24.936        
404           24.936        
405           24.937        
406           24.937        
407           24.937        
408           24.937        
409           24.938        
410           24.940        
411           24.941        
412           24.941        
413           24.943        
414           24.944        
415           24.945        
416           24.945        
417           24.945        
418           24.945        
419           24.946        
420           24.946        
421           24.945        
422           24.945        
423           24.946        
424           24.946        
425           24.945        
426           24.945        
427           24.945        
428           24.945        
429           24.945        
430           24.945        
431           24.945        
432           24.945        
433           24.945        
434           24.945        
435           24.944        
436           24.944        
437           24.944        
438           24.943        
439           24.943        
440           24.943        
441           24.942        
442           24.942        
443           24.942        
444           24.942        
445           24.941        
446           24.941        
447           24.940        
448           24.940        
449           24.940        
450           24.939        
451           24.939        
452           24.939        
453           24.939        
454           24.939        
455           24.938        
456           24.938        
457           24.938        
458           24.938        
459           24.937        
460           24.936        
461           24.936        
462           24.936        
463           24.936        
464           24.936        
465           24.936        
466           24.936        
467           24.937        
468           24.938        
469           24.938        
470           24.939        
471           24.941        
472           24.942        
473           24.943        
474           24.943        
475           24.944        
476           24.946        
477           24.946        
478           24.946        
479           24.946        
480           24.946        
481           24.945        
482           24.945        
483           24.945        
484           24.945        
485           24.945        
486           24.945        
487           24.945        
488           24.944        
489           24.944        
490           24.944        
491           24.944        
492           24.944        
493           24.944        
494           24.943        
495           24.943        
496           24.942        
497           24.943        
498           24.942        
499           24.941        
500           24.942        
501           24.942        
502           24.941        
503           24.940        
504           24.940        
505           24.941        
506           24.940        
507           24.940        
508           24.940        
509           24.939        
510           24.939        
511           24.939        
512           24.938        
513           24.938        
514           24.938        
515           24.937        
516           24.937        
517           24.937        
518           24.936        
519           24.936        
520           24.936        
521           24.935        
522           24.935        
523           24.935        
524           24.935        
525           24.936        
526           24.937        
527           24.938        
528           24.941        
529           24.941        
530           24.942        
531           24.944        
532           24.944        
533           24.945        
534           24.946        
535           24.946        
536           24.947        
537           24.947        
538           24.947        
539           24.948        
540           24.948        
541           24.948        
542           24.948        
543           24.948        
544           24.948        
545           24.947        
546           24.947        
547           24.947        
548           24.947        
549           24.947        
550           24.946        
551           24.945        
552           24.945        
553           24.945        
554           24.945        
555           24.945        
556           24.944        
557           24.944        
558           24.944        
559           24.944        
560           24.943        
561           24.943        
562           24.942        
563           24.943        
564           24.943        
565           24.942        
566           24.941        
567           24.942        
568           24.941        
569           24.941        
570           24.940        
571           24.940        
572           24.940        
573           24.940        
574           24.939        
575           24.939        
576           24.938        
577           24.938        
578           24.938        
579           24.938        
580           24.938        
581           24.937        
582           24.937        
583           24.937        
584           24.936        
585           24.936        
586           24.936        
587           24.936        
588           24.936        
589           24.936        
590           24.936        
591           24.935        
592           24.935        
593           24.935        
594           24.937        
