1             24.965        
2             24.964        
3             24.964        
4             24.964        
5             24.964        
6             24.964        
7             24.964        
8             24.963        
9             24.963        
10            24.963        
11            24.962        
12            24.962        
13            24.961        
14            24.962        
15            24.962        
16            24.961        
17            24.961        
18            24.961        
19            24.960        
20            24.959        
21            24.959        
22            24.959        
23            24.958        
24            24.958        
25            24.958        
26            24.956        
27            24.956        
28            24.955        
29            24.954        
30            24.954        
31            24.953        
32            24.951        
33            24.951        
34            24.950        
35            24.949        
36            24.948        
37            24.947        
38            24.946        
39            24.946        
40            24.944        
41            24.943        
42            24.942        
43            24.941        
44            24.941        
45            24.938        
46            24.937        
47            24.936        
48            24.935        
49            24.935        
50            24.934        
51            24.933        
52            24.933        
53            24.931        
54            24.930        
55            24.928        
56            24.927        
57            24.926        
58            24.926        
59            24.927        
60            24.928        
61            24.930        
62            24.931        
63            24.930        
64            24.931        
65            24.931        
66            24.932        
67            24.933        
68            24.934        
69            24.935        
70            24.936        
71            24.936        
72            24.938        
73            24.940        
74            24.943        
75            24.945        
76            24.946        
77            24.948        
78            24.950        
79            24.951        
80            24.952        
81            24.953        
82            24.954        
83            24.955        
84            24.954        
85            24.953        
86            24.953        
87            24.952        
88            24.952        
89            24.951        
90            24.950        
91            24.950        
92            24.950        
93            24.949        
94            24.949        
95            24.948        
96            24.947        
97            24.947        
98            24.946        
99            24.946        
100           24.944        
101           24.944        
102           24.943        
103           24.942        
104           24.942        
105           24.940        
106           24.940        
107           24.939        
108           24.938        
109           24.937        
110           24.937        
111           24.936        
112           24.935        
113           24.935        
114           24.934        
115           24.933        
116           24.933        
117           24.933        
118           24.936        
119           24.936        
120           24.937        
121           24.939        
122           24.941        
123           24.944        
124           24.947        
125           24.947        
126           24.947        
127           24.948        
128           24.949        
129           24.952        
130           24.953        
131           24.953        
132           24.953        
133           24.953        
134           24.952        
135           24.951        
136           24.951        
137           24.950        
138           24.950        
139           24.949        
140           24.948        
141           24.948        
142           24.947        
143           24.947        
144           24.946        
145           24.946        
146           24.945        
147           24.943        
148           24.943        
149           24.943        
150           24.941        
151           24.941        
152           24.940        
153           24.940        
154           24.939        
155           24.938        
156           24.937        
157           24.937        
158           24.935        
159           24.935        
160           24.934        
161           24.934        
162           24.934        
163           24.934        
164           24.935        
165           24.936        
166           24.938        
167           24.938        
168           24.940        
169           24.941        
170           24.942        
171           24.944        
172           24.944        
173           24.946        
174           24.947        
175           24.947        
176           24.950        
177           24.951        
178           24.952        
179           24.952        
180           24.952        
181           24.952        
182           24.952        
183           24.952        
184           24.952        
185           24.952        
186           24.952        
187           24.951        
188           24.950        
189           24.950        
190           24.949        
191           24.949        
192           24.948        
193           24.947        
194           24.947        
195           24.946        
196           24.946        
197           24.946        
198           24.946        
199           24.946        
200           24.945        
201           24.945        
202           24.943        
203           24.942        
204           24.941        
205           24.940        
206           24.940        
207           24.939        
208           24.938        
209           24.938        
210           24.937        
211           24.936        
212           24.935        
213           24.935        
214           24.935        
215           24.934        
216           24.934        
217           24.934        
218           24.935        
219           24.936        
220           24.937        
221           24.940        
222           24.941        
223           24.941        
224           24.942        
225           24.943        
226           24.945        
227           24.946        
228           24.947        
229           24.949        
230           24.950        
231           24.952        
232           24.953        
233           24.954        
234           24.955        
235           24.955        
236           24.954        
237           24.954        
238           24.954        
239           24.954        
240           24.953        
241           24.953        
242           24.952        
243           24.951        
244           24.951        
245           24.950        
246           24.949        
247           24.948        
248           24.948        
249           24.948        
250           24.947        
251           24.947        
252           24.945        
253           24.946        
254           24.945        
255           24.944        
256           24.944        
257           24.943        
258           24.942        
259           24.942        
260           24.941        
261           24.941        
262           24.940        
263           24.940        
264           24.939        
265           24.937        
266           24.937        
267           24.937        
268           24.936        
269           24.936        
270           24.935        
271           24.935        
272           24.935        
273           24.936        
274           24.936        
275           24.936        
276           24.937        
277           24.938        
278           24.939        
279           24.941        
280           24.942        
281           24.945        
282           24.947        
283           24.948        
284           24.951        
285           24.952        
286           24.955        
287           24.955        
288           24.956        
289           24.958        
290           24.958        
291           24.958        
292           24.958        
293           24.958        
294           24.958        
295           24.958        
296           24.958        
297           24.957        
298           24.956        
299           24.955        
300           24.954        
301           24.954        
302           24.954        
303           24.953        
304           24.952        
305           24.951        
306           24.951        
307           24.950        
308           24.950        
309           24.949        
310           24.948        
311           24.948        
312           24.947        
313           24.947        
314           24.946        
315           24.946        
316           24.946        
317           24.945        
318           24.944        
319           24.944        
320           24.943        
321           24.942        
322           24.941        
323           24.940        
324           24.940        
325           24.939        
326           24.938        
327           24.937        
328           24.937        
329           24.937        
330           24.937        
331           24.935        
332           24.935        
333           24.935        
334           24.935        
335           24.935        
336           24.937        
337           24.938        
338           24.938        
339           24.939        
340           24.940        
341           24.944        
342           24.944        
343           24.945        
344           24.947        
345           24.948        
346           24.948        
347           24.951        
348           24.951        
349           24.953        
350           24.954        
351           24.954        
352           24.955        
353           24.956        
354           24.956        
355           24.956        
356           24.956        
357           24.956        
358           24.955        
359           24.955        
360           24.956        
361           24.955        
362           24.954        
363           24.954        
364           24.953        
365           24.953        
366           24.952        
367           24.951        
368           24.950        
369           24.949        
370           24.949        
371           24.948        
372           24.948        
373           24.948        
374           24.948        
375           24.947        
376           24.947        
377           24.946        
378           24.945        
379           24.945        
380           24.944        
381           24.943        
382           24.942        
383           24.941        
384           24.941        
385           24.940        
386           24.939        
387           24.939        
388           24.938        
389           24.937        
390           24.937        
391           24.936        
392           24.935        
393           24.935        
394           24.935        
395           24.935        
396           24.935        
397           24.936        
398           24.938        
399           24.939        
400           24.941        
401           24.942        
402           24.944        
403           24.945        
404           24.947        
405           24.949        
406           24.951        
407           24.954        
408           24.956        
409           24.956        
410           24.958        
411           24.958        
412           24.958        
413           24.958        
414           24.958        
415           24.958        
416           24.957        
417           24.956        
418           24.956        
419           24.955        
420           24.955        
421           24.955        
422           24.955        
423           24.953        
424           24.953        
425           24.953        
426           24.952        
427           24.952        
428           24.951        
429           24.951        
430           24.950        
431           24.949        
432           24.949        
433           24.948        
434           24.948        
435           24.948        
436           24.947        
437           24.947        
438           24.946        
439           24.945        
440           24.945        
441           24.943        
442           24.943        
443           24.943        
444           24.942        
445           24.942        
446           24.941        
447           24.941        
448           24.941        
449           24.939        
450           24.939        
451           24.938        
452           24.937        
453           24.937        
454           24.936        
455           24.936        
456           24.935        
457           24.935        
458           24.935        
459           24.935        
460           24.937        
461           24.938        
462           24.940        
463           24.941        
464           24.942        
465           24.944        
