1             24.943        
2             24.943        
3             24.943        
4             24.943        
5             24.943        
6             24.943        
7             24.942        
8             24.942        
9             24.942        
10            24.941        
11            24.941        
12            24.941        
13            24.941        
14            24.939        
15            24.940        
16            24.940        
17            24.939        
18            24.939        
19            24.939        
20            24.939        
21            24.938        
22            24.938        
23            24.938        
24            24.937        
25            24.937        
26            24.937        
27            24.937        
28            24.936        
29            24.936        
30            24.935        
31            24.935        
32            24.934        
33            24.934        
34            24.934        
35            24.934        
36            24.934        
37            24.933        
38            24.934        
39            24.933        
40            24.933        
41            24.932        
42            24.932        
43            24.931        
44            24.931        
45            24.931        
46            24.930        
47            24.930        
48            24.930        
49            24.930        
50            24.930        
51            24.929        
52            24.929        
53            24.928        
54            24.928        
55            24.928        
56            24.927        
57            24.927        
58            24.927        
59            24.927        
60            24.926        
61            24.926        
62            24.926        
63            24.926        
64            24.925        
65            24.925        
66            24.924        
67            24.923        
68            24.923        
69            24.923        
70            24.924        
71            24.924        
72            24.923        
73            24.923        
74            24.923        
75            24.922        
76            24.922        
77            24.922        
78            24.921        
79            24.921        
80            24.921        
81            24.921        
82            24.920        
83            24.920        
84            24.919        
85            24.919        
86            24.919        
87            24.919        
88            24.918        
89            24.918        
90            24.918        
91            24.918        
92            24.917        
93            24.917        
94            24.916        
95            24.916        
96            24.916        
97            24.916        
98            24.915        
99            24.915        
100           24.915        
101           24.915        
102           24.914        
103           24.914        
104           24.914        
105           24.914        
106           24.913        
107           24.913        
108           24.913        
109           24.913        
110           24.913        
111           24.913        
112           24.912        
113           24.912        
114           24.911        
115           24.911        
116           24.911        
117           24.910        
118           24.911        
119           24.910        
120           24.910        
121           24.909        
122           24.909        
123           24.909        
124           24.908        
125           24.908        
126           24.908        
127           24.907        
128           24.906        
129           24.906        
130           24.906        
131           24.905        
132           24.905        
133           24.905        
134           24.905        
135           24.904        
136           24.903        
137           24.904        
138           24.903        
139           24.903        
140           24.904        
141           24.903        
142           24.903        
143           24.902        
144           24.902        
145           24.902        
146           24.902        
147           24.902        
148           24.901        
149           24.901        
150           24.901        
151           24.900        
152           24.899        
153           24.899        
154           24.899        
155           24.899        
156           24.898        
157           24.897        
158           24.897        
159           24.897        
160           24.897        
161           24.897        
162           24.897        
163           24.896        
164           24.895        
165           24.895        
166           24.895        
167           24.895        
168           24.894        
169           24.894        
170           24.893        
171           24.893        
172           24.894        
173           24.894        
174           24.893        
175           24.893        
176           24.893        
177           24.892        
178           24.892        
179           24.891        
180           24.892        
181           24.891        
182           24.891        
183           24.890        
184           24.890        
185           24.890        
186           24.890        
187           24.889        
188           24.889        
189           24.889        
190           24.887        
191           24.887        
192           24.887        
193           24.886        
194           24.886        
195           24.886        
196           24.886        
197           24.886        
198           24.885        
199           24.885        
200           24.885        
201           24.888        
202           24.888        
203           24.888        
204           24.889        
205           24.890        
206           24.891        
207           24.894        
208           24.896        
209           24.900        
210           24.901        
211           24.905        
212           24.908        
213           24.911        
214           24.914        
215           24.914        
216           24.914        
217           24.915        
218           24.915        
219           24.916        
220           24.917        
221           24.917        
222           24.916        
223           24.917        
224           24.917        
225           24.917        
226           24.917        
227           24.917        
228           24.917        
229           24.917        
230           24.917        
231           24.917        
232           24.916        
233           24.916        
234           24.916        
235           24.916        
236           24.916        
237           24.917        
238           24.917        
239           24.916        
240           24.916        
241           24.915        
242           24.915        
243           24.915        
244           24.915        
245           24.914        
246           24.914        
247           24.915        
248           24.915        
249           24.914        
250           24.914        
251           24.914        
252           24.914        
253           24.913        
254           24.913        
255           24.913        
256           24.912        
257           24.911        
258           24.911        
259           24.911        
260           24.911        
261           24.910        
262           24.910        
263           24.909        
264           24.909        
265           24.909        
266           24.909        
267           24.908        
268           24.908        
269           24.908        
270           24.908        
271           24.908        
272           24.907        
273           24.907        
274           24.907        
275           24.907        
276           24.906        
277           24.905        
278           24.905        
279           24.906        
280           24.905        
281           24.905        
282           24.905        
283           24.905        
284           24.904        
285           24.903        
286           24.903        
287           24.903        
288           24.903        
289           24.903        
290           24.902        
291           24.902        
292           24.902        
293           24.901        
294           24.901        
295           24.900        
296           24.900        
297           24.900        
298           24.899        
299           24.899        
300           24.899        
301           24.899        
302           24.898        
303           24.898        
304           24.898        
305           24.898        
306           24.897        
307           24.897        
308           24.897        
309           24.896        
310           24.896        
311           24.896        
312           24.896        
313           24.895        
314           24.895        
315           24.895        
316           24.894        
317           24.894        
318           24.894        
319           24.894        
320           24.894        
321           24.894        
322           24.892        
323           24.892        
324           24.892        
325           24.892        
326           24.892        
327           24.891        
328           24.891        
329           24.891        
330           24.891        
331           24.891        
332           24.891        
333           24.890        
334           24.890        
335           24.890        
336           24.891        
337           24.890        
338           24.890        
339           24.889        
340           24.888        
341           24.888        
342           24.888        
343           24.888        
344           24.888        
345           24.887        
346           24.887        
347           24.887        
348           24.887        
349           24.887        
350           24.886        
351           24.886        
352           24.886        
353           24.886        
354           24.886        
355           24.886        
356           24.887        
357           24.887        
358           24.889        
359           24.890        
360           24.891        
361           24.896        
362           24.900        
363           24.902        
364           24.907        
365           24.909        
366           24.915        
367           24.920        
368           24.924        
369           24.927        
370           24.927        
371           24.927        
372           24.927        
373           24.927        
374           24.926        
375           24.926        
376           24.926        
377           24.926        
378           24.926        
379           24.926        
380           24.927        
381           24.927        
382           24.927        
383           24.927        
384           24.928        
385           24.927        
386           24.927        
387           24.927        
388           24.927        
389           24.927        
390           24.926        
391           24.926        
392           24.926        
393           24.926        
394           24.925        
395           24.925        
396           24.925        
397           24.924        
398           24.924        
399           24.924        
400           24.925        
401           24.924        
402           24.924        
403           24.924        
404           24.923        
405           24.923        
406           24.922        
407           24.922        
408           24.922        
409           24.922        
410           24.922        
411           24.921        
412           24.920        
413           24.920        
414           24.920        
415           24.920        
416           24.919        
417           24.919        
418           24.919        
419           24.918        
420           24.918        
421           24.918        
422           24.918        
423           24.917        
424           24.917        
425           24.917        
426           24.917        
427           24.917        
428           24.917        
429           24.916        
430           24.915        
431           24.915        
432           24.915        
433           24.915        
434           24.915        
435           24.915        
436           24.914        
437           24.914        
438           24.914        
439           24.913        
440           24.913        
441           24.913        
442           24.913        
443           24.913        
444           24.913        
445           24.912        
446           24.911        
447           24.911        
448           24.911        
449           24.911        
450           24.910        
451           24.910        
452           24.910        
453           24.910        
454           24.910        
455           24.909        
456           24.908        
457           24.908        
458           24.908        
459           24.907        
460           24.907        
461           24.907        
462           24.907        
463           24.906        
464           24.906        
465           24.906        
466           24.906        
467           24.906        
468           24.905        
469           24.905        
470           24.905        
471           24.905        
472           24.904        
473           24.904        
474           24.904        
475           24.903        
476           24.903        
477           24.903        
478           24.903        
479           24.903        
480           24.903        
481           24.903        
482           24.902        
483           24.901        
484           24.900        
485           24.900        
486           24.901        
487           24.900        
488           24.900        
489           24.900        
490           24.900        
491           24.899        
492           24.899        
493           24.899        
494           24.899        
495           24.898        
496           24.898        
497           24.897        
498           24.897        
499           24.897        
500           24.897        
501           24.897        
502           24.897        
503           24.896        
504           24.896        
505           24.895        
506           24.895        
507           24.895        
508           24.894        
509           24.894        
510           24.894        
511           24.894        
512           24.894        
513           24.893        
514           24.893        
515           24.893        
516           24.892        
517           24.892        
518           24.892        
519           24.892        
520           24.892        
521           24.891        
522           24.890        
523           24.890        
524           24.890        
525           24.890        
526           24.889        
527           24.889        
528           24.889        
529           24.888        
530           24.889        
531           24.889        
532           24.889        
533           24.888        
534           24.888        
535           24.888        
536           24.888        
537           24.887        
538           24.886        
539           24.886        
540           24.886        
541           24.886        
542           24.887        
543           24.886        
544           24.886        
545           24.885        
546           24.885        
547           24.885        
548           24.885        
549           24.886        
550           24.888        
551           24.889        
552           24.891        
553           24.893        
554           24.895        
555           24.899        
556           24.901        
557           24.903        
558           24.908        
559           24.910        
560           24.916        
561           24.918        
562           24.920        
563           24.923        
564           24.924        
565           24.924        
566           24.925        
567           24.926        
568           24.926        
569           24.926        
570           24.926        
571           24.927        
572           24.927        
573           24.927        
574           24.927        
575           24.927        
576           24.927        
577           24.927        
578           24.927        
579           24.927        
580           24.927        
581           24.927        
582           24.927        
583           24.927        
584           24.926        
585           24.926        
586           24.926        
587           24.926        
588           24.926        
589           24.925        
590           24.925        
591           24.925        
592           24.924        
593           24.924        
594           24.925        
595           24.924        
596           24.924        
597           24.923        
598           24.923        
599           24.923        
600           24.923        
601           24.923        
602           24.922        
603           24.922        
604           24.922        
605           24.921        
606           24.920        
607           24.920        
608           24.920        
609           24.920        
610           24.920        
611           24.920        
612           24.920        
613           24.920        
614           24.920        
615           24.919        
616           24.919        
617           24.918        
618           24.917        
619           24.917        
620           24.917        
621           24.917        
622           24.917        
623           24.916        
624           24.916        
625           24.916        
626           24.915        
627           24.915        
628           24.915        
629           24.915        
630           24.915        
631           24.915        
632           24.915        
633           24.914        
634           24.914        
635           24.914        
636           24.913        
637           24.912        
638           24.913        
639           24.913        
640           24.912        
641           24.912        
642           24.911        
643           24.912        
644           24.911        
645           24.911        
646           24.911        
647           24.910        
648           24.910        
649           24.910        
650           24.909        
651           24.910        
652           24.909        
653           24.909        
654           24.908        
655           24.909        
656           24.908        
657           24.907        
658           24.906        
659           24.907        
660           24.907        
661           24.907        
662           24.907        
663           24.905        
664           24.905        
665           24.905        
666           24.905        
667           24.905        
668           24.905        
669           24.904        
670           24.903        
671           24.903        
672           24.903        
673           24.903        
674           24.903        
675           24.902        
676           24.902        
677           24.902        
678           24.902        
679           24.902        
680           24.902        
681           24.901        
682           24.901        
683           24.901        
684           24.900        
685           24.900        
686           24.899        
687           24.899        
688           24.899        
689           24.899        
690           24.899        
691           24.898        
692           24.898        
693           24.897        
694           24.897        
695           24.897        
696           24.897        
697           24.896        
698           24.896        
699           24.896        
700           24.896        
701           24.895        
702           24.895        
703           24.895        
704           24.895        
705           24.895        
706           24.894        
707           24.894        
708           24.894        
709           24.894        
710           24.894        
711           24.893        
712           24.893        
713           24.892        
714           24.892        
715           24.891        
716           24.891        
717           24.892        
718           24.891        
719           24.891        
720           24.890        
721           24.890        
722           24.889        
723           24.889        
724           24.889        
725           24.889        
726           24.889        
727           24.889        
728           24.889        
729           24.888        
730           24.888        
731           24.888        
732           24.888        
733           24.888        
734           24.888        
735           24.888        
736           24.887        
737           24.886        
738           24.886        
739           24.885        
740           24.885        
741           24.885        
742           24.885        
743           24.886        
744           24.887        
745           24.888        
746           24.888        
747           24.889        
748           24.890        
749           24.891        
750           24.892        
751           24.891        
752           24.893        
753           24.893        
754           24.894        
755           24.894        
756           24.895        
757           24.895        
758           24.895        
759           24.894        
760           24.894        
761           24.894        
762           24.893        
763           24.893        
764           24.892        
765           24.892        
766           24.892        
767           24.892        
768           24.892        
769           24.892        
770           24.891        
771           24.891        
772           24.891        
773           24.891        
774           24.891        
775           24.890        
776           24.890        
777           24.890        
778           24.889        
779           24.889        
780           24.888        
781           24.888        
782           24.888        
783           24.886        
784           24.886        
785           24.887        
786           24.887        
787           24.887        
788           24.887        
789           24.887        
790           24.887        
791           24.886        
792           24.886        
793           24.886        
794           24.886        
795           24.885        
796           24.885        
797           24.885        
798           24.885        
799           24.885        
800           24.883        
801           24.883        
802           24.884        
803           24.884        
804           24.884        
805           24.884        
806           24.884        
807           24.885        
808           24.886        
809           24.886        
810           24.887        
811           24.889        
812           24.892        
813           24.894        
814           24.896        
815           24.902        
816           24.906        
817           24.911        
818           24.912        
819           24.913        
820           24.915        
821           24.916        
822           24.917        
823           24.919        
824           24.920        
825           24.921        
826           24.921        
827           24.922        
828           24.923        
829           24.923        
830           24.923        
831           24.924        
832           24.923        
833           24.924        
834           24.924        
835           24.924        
836           24.924        
837           24.923        
838           24.923        
839           24.923        
840           24.923        
841           24.923        
842           24.923        
843           24.923        
844           24.922        
845           24.922        
846           24.922        
847           24.922        
848           24.921        
849           24.921        
850           24.920        
851           24.920        
852           24.920        
853           24.920        
854           24.920        
855           24.920        
856           24.919        
857           24.919        
858           24.919        
859           24.918        
860           24.918        
861           24.918        
862           24.918        
863           24.918        
864           24.917        
865           24.917        
866           24.917        
867           24.917        
868           24.917        
869           24.916        
870           24.916        
871           24.916        
872           24.916        
873           24.915        
874           24.915        
875           24.915        
876           24.915        
877           24.914        
878           24.914        
879           24.914        
880           24.913        
881           24.913        
882           24.913        
883           24.912        
884           24.913        
885           24.912        
886           24.912        
887           24.912        
888           24.911        
889           24.912        
890           24.911        
891           24.910        
892           24.910        
893           24.910        
894           24.911        
895           24.910        
896           24.909        
897           24.909        
898           24.909        
899           24.909        
900           24.909        
901           24.908        
902           24.908        
903           24.908        
904           24.908        
905           24.908        
906           24.908        
907           24.907        
908           24.907        
909           24.906        
910           24.906        
911           24.906        
912           24.905        
913           24.904        
914           24.905        
915           24.905        
916           24.904        
917           24.904        
918           24.904        
919           24.904        
920           24.904        
921           24.903        
922           24.903        
923           24.903        
924           24.903        
925           24.901        
926           24.901        
927           24.901        
928           24.902        
929           24.901        
930           24.901        
931           24.900        
932           24.900        
933           24.900        
934           24.900        
935           24.900        
936           24.899        
937           24.899        
938           24.899        
939           24.899        
940           24.899        
941           24.899        
942           24.898        
943           24.897        
944           24.897        
945           24.897        
946           24.897        
947           24.896        
948           24.896        
949           24.896        
950           24.896        
951           24.895        
952           24.895        
953           24.895        
954           24.894        
955           24.894        
956           24.894        
957           24.893        
958           24.893        
959           24.893        
960           24.893        
961           24.893        
962           24.892        
963           24.893        
964           24.892        
965           24.891        
966           24.891        
967           24.890        
968           24.890        
969           24.890        
970           24.890        
971           24.890        
972           24.890        
973           24.890        
974           24.890        
975           24.890        
976           24.889        
977           24.888        
978           24.888        
979           24.888        
980           24.887        
981           24.887        
982           24.887        
983           24.887        
984           24.888        
985           24.886        
986           24.886        
987           24.886        
988           24.886        
989           24.886        
990           24.886        
991           24.886        
992           24.886        
993           24.885        
994           24.885        
995           24.885        
996           24.885        
997           24.885        
998           24.885        
999           24.884        
1000          24.884        
1001          24.884        
1002          24.884        
1003          24.884        
1004          24.885        
1005          24.886        
1006          24.888        
1007          24.890        
1008          24.893        
1009          24.896        
1010          24.899        
1011          24.901        
1012          24.906        
1013          24.908        
1014          24.911        
1015          24.912        
1016          24.913        
1017          24.914        
1018          24.915        
1019          24.915        
1020          24.915        
1021          24.916        
1022          24.917        
1023          24.916        
1024          24.917        
1025          24.917        
1026          24.917        
1027          24.918        
1028          24.918        
1029          24.919        
1030          24.918        
1031          24.917        
1032          24.918        
1033          24.918        
1034          24.918        
1035          24.918        
1036          24.917        
1037          24.917        
1038          24.917        
1039          24.917        
1040          24.917        
1041          24.917        
1042          24.917        
1043          24.916        
1044          24.915        
1045          24.915        
1046          24.915        
1047          24.915        
1048          24.916        
1049          24.915        
1050          24.915        
1051          24.914        
1052          24.914        
1053          24.915        
1054          24.914        
1055          24.914        
1056          24.913        
1057          24.913        
1058          24.913        
1059          24.913        
1060          24.913        
1061          24.912        
1062          24.912        
1063          24.911        
1064          24.911        
1065          24.912        
1066          24.912        
1067          24.911        
1068          24.911        
1069          24.911        
1070          24.910        
1071          24.910        
1072          24.909        
1073          24.909        
1074          24.909        
1075          24.909        
1076          24.909        
1077          24.908        
1078          24.908        
1079          24.908        
1080          24.907        
1081          24.907        
1082          24.907        
1083          24.907        
1084          24.907        
1085          24.906        
1086          24.906        
1087          24.905        
1088          24.906        
1089          24.906        
1090          24.905        
1091          24.904        
1092          24.904        
1093          24.903        
1094          24.903        
1095          24.903        
1096          24.904        
1097          24.903        
1098          24.902        
1099          24.902        
1100          24.902        
1101          24.902        
1102          24.901        
1103          24.900        
1104          24.900        
1105          24.900        
1106          24.900        
1107          24.899        
1108          24.899        
1109          24.899        
1110          24.899        
1111          24.899        
1112          24.898        
1113          24.898        
1114          24.898        
1115          24.898        
1116          24.898        
1117          24.897        
1118          24.897        
1119          24.897        
1120          24.897        
1121          24.897        
1122          24.896        
1123          24.896        
1124          24.896        
1125          24.895        
1126          24.895        
1127          24.895        
1128          24.895        
1129          24.894        
1130          24.894        
1131          24.894        
1132          24.894        
1133          24.893        
1134          24.893        
1135          24.892        
1136          24.892        
1137          24.892        
1138          24.892        
1139          24.891        
1140          24.891        
1141          24.891        
1142          24.890        
1143          24.890        
1144          24.889        
1145          24.889        
1146          24.889        
1147          24.889        
1148          24.890        
