1             24.912        
2             24.912        
3             24.912        
4             24.912        
5             24.911        
6             24.910        
7             24.909        
8             24.908        
9             24.908        
10            24.907        
11            24.906        
12            24.905        
13            24.905        
14            24.905        
15            24.905        
16            24.904        
17            24.904        
18            24.903        
19            24.903        
20            24.902        
21            24.901        
22            24.900        
23            24.900        
24            24.900        
25            24.899        
26            24.898        
27            24.897        
28            24.897        
29            24.896        
30            24.896        
31            24.895        
32            24.895        
33            24.894        
34            24.893        
35            24.892        
36            24.892        
37            24.891        
38            24.891        
39            24.890        
40            24.890        
41            24.889        
42            24.887        
43            24.887        
44            24.886        
45            24.886        
46            24.885        
47            24.885        
48            24.884        
49            24.884        
50            24.883        
51            24.883        
52            24.883        
53            24.883        
54            24.883        
55            24.882        
56            24.881        
57            24.881        
58            24.881        
59            24.880        
60            24.880        
61            24.879        
62            24.878        
63            24.878        
64            24.879        
65            24.880        
66            24.883        
67            24.885        
68            24.889        
69            24.903        
70            24.910        
71            24.926        
72            24.932        
73            24.936        
74            24.945        
75            24.950        
76            24.963        
77            24.970        
78            24.975        
79            24.984        
80            24.987        
81            24.989        
82            24.987        
83            24.987        
84            24.987        
85            24.987        
86            24.988        
87            24.989        
88            24.990        
89            24.991        
90            24.990        
91            24.990        
92            24.990        
93            24.990        
94            24.990        
95            24.990        
96            24.990        
97            24.990        
98            24.989        
99            24.989        
100           24.988        
101           24.988        
102           24.988        
103           24.988        
104           24.988        
105           24.987        
106           24.986        
107           24.986        
108           24.985        
109           24.985        
110           24.985        
111           24.984        
112           24.983        
113           24.982        
114           24.981        
115           24.982        
116           24.980        
117           24.980        
118           24.979        
119           24.979        
120           24.979        
121           24.979        
122           24.978        
123           24.977        
124           24.977        
125           24.976        
126           24.975        
127           24.975        
128           24.974        
129           24.973        
130           24.972        
131           24.971        
132           24.971        
133           24.970        
134           24.969        
135           24.969        
136           24.969        
137           24.968        
138           24.968        
139           24.967        
140           24.967        
141           24.966        
142           24.966        
143           24.965        
144           24.964        
145           24.964        
146           24.963        
147           24.962        
148           24.962        
149           24.961        
150           24.961        
151           24.960        
152           24.959        
153           24.959        
154           24.958        
155           24.957        
156           24.957        
157           24.957        
158           24.955        
159           24.955        
160           24.953        
161           24.953        
162           24.953        
163           24.952        
164           24.951        
165           24.950        
166           24.950        
167           24.949        
168           24.949        
169           24.948        
170           24.947        
171           24.946        
172           24.946        
173           24.947        
174           24.946        
175           24.945        
176           24.945        
177           24.944        
178           24.943        
179           24.942        
180           24.942        
181           24.941        
182           24.940        
183           24.939        
184           24.940        
185           24.939        
186           24.939        
187           24.938        
188           24.938        
189           24.936        
190           24.935        
191           24.935        
192           24.934        
193           24.933        
194           24.933        
195           24.933        
196           24.932        
197           24.932        
198           24.931        
199           24.930        
200           24.929        
201           24.929        
202           24.928        
203           24.927        
204           24.927        
205           24.926        
206           24.925        
207           24.925        
208           24.924        
209           24.924        
210           24.923        
211           24.923        
212           24.923        
213           24.922        
214           24.921        
215           24.921        
216           24.920        
217           24.919        
218           24.918        
219           24.917        
220           24.917        
221           24.916        
222           24.916        
223           24.915        
224           24.915        
225           24.914        
226           24.914        
227           24.914        
228           24.914        
229           24.912        
230           24.911        
231           24.910        
232           24.909        
233           24.909        
234           24.909        
235           24.908        
236           24.907        
237           24.906        
238           24.906        
239           24.905        
240           24.904        
241           24.904        
242           24.903        
243           24.903        
244           24.902        
245           24.901        
246           24.901        
247           24.900        
248           24.900        
249           24.899        
250           24.899        
251           24.898        
252           24.897        
253           24.897        
254           24.897        
255           24.896        
256           24.895        
257           24.894        
258           24.893        
259           24.893        
260           24.893        
261           24.892        
262           24.891        
263           24.890        
264           24.890        
265           24.889        
266           24.889        
267           24.888        
268           24.887        
269           24.887        
270           24.886        
271           24.885        
272           24.885        
273           24.884        
274           24.883        
275           24.883        
276           24.883        
277           24.883        
278           24.882        
279           24.881        
280           24.881        
281           24.881        
282           24.881        
283           24.881        
284           24.879        
285           24.878        
286           24.878        
287           24.878        
288           24.878        
289           24.878        
290           24.878        
291           24.878        
292           24.881        
293           24.883        
294           24.891        
295           24.897        
296           24.904        
297           24.917        
298           24.926        
299           24.943        
300           24.950        
301           24.960        
302           24.982        
303           24.990        
304           24.994        
305           24.997        
306           24.998        
307           24.999        
308           24.998        
309           24.997        
310           24.996        
311           24.996        
312           24.996        
313           24.997        
314           24.997        
315           24.997        
316           24.998        
317           24.998        
318           24.999        
319           24.999        
320           24.999        
321           24.998        
322           24.998        
323           24.998        
324           24.997        
325           24.996        
326           24.995        
327           24.995        
328           24.994        
329           24.994        
330           24.994        
331           24.993        
332           24.993        
333           24.992        
334           24.992        
335           24.991        
336           24.991        
337           24.991        
338           24.990        
339           24.989        
340           24.988        
341           24.988        
342           24.987        
343           24.987        
344           24.986        
345           24.985        
346           24.985        
347           24.985        
348           24.983        
349           24.983        
350           24.982        
351           24.982        
352           24.981        
353           24.981        
354           24.980        
355           24.979        
356           24.978        
357           24.978        
358           24.977        
359           24.976        
360           24.975        
361           24.975        
362           24.975        
363           24.974        
364           24.974        
365           24.973        
366           24.972        
367           24.971        
368           24.971        
369           24.970        
370           24.969        
371           24.969        
372           24.968        
373           24.968        
374           24.967        
375           24.967        
376           24.966        
377           24.965        
378           24.964        
379           24.964        
380           24.963        
381           24.963        
382           24.962        
383           24.961        
384           24.960        
385           24.960        
386           24.959        
387           24.959        
388           24.958        
389           24.957        
390           24.956        
391           24.957        
392           24.956        
393           24.956        
394           24.955        
395           24.955        
396           24.954        
397           24.953        
398           24.952        
399           24.952        
400           24.951        
401           24.951        
402           24.949        
403           24.949        
404           24.949        
405           24.948        
406           24.947        
407           24.947        
408           24.946        
409           24.945        
410           24.945        
411           24.944        
412           24.943        
413           24.942        
414           24.942        
415           24.942        
416           24.942        
417           24.941        
418           24.940        
419           24.940        
420           24.939        
421           24.938        
422           24.937        
423           24.936        
424           24.935        
425           24.935        
426           24.934        
427           24.934        
428           24.934        
429           24.933        
430           24.932        
431           24.932        
432           24.931        
433           24.931        
434           24.930        
435           24.929        
436           24.929        
437           24.928        
438           24.928        
439           24.927        
440           24.926        
441           24.926        
442           24.925        
443           24.925        
444           24.924        
445           24.923        
446           24.922        
447           24.922        
448           24.922        
449           24.921        
450           24.920        
451           24.919        
452           24.918        
453           24.918        
454           24.916        
455           24.916        
456           24.915        
457           24.915        
458           24.915        
459           24.914        
460           24.913        
461           24.913        
462           24.913        
463           24.913        
464           24.912        
465           24.911        
466           24.911        
467           24.910        
468           24.909        
469           24.908        
470           24.907        
471           24.907        
472           24.906        
473           24.905        
474           24.905        
475           24.905        
476           24.904        
477           24.904        
478           24.904        
479           24.903        
480           24.902        
481           24.902        
482           24.901        
483           24.900        
484           24.900        
485           24.899        
486           24.898        
487           24.898        
488           24.896        
489           24.896        
490           24.895        
491           24.894        
492           24.894        
493           24.893        
494           24.893        
495           24.892        
496           24.891        
497           24.890        
498           24.890        
499           24.890        
500           24.889        
501           24.889        
502           24.888        
503           24.887        
504           24.886        
505           24.886        
506           24.886        
507           24.885        
508           24.885        
509           24.884        
510           24.884        
511           24.883        
512           24.882        
513           24.882        
514           24.882        
515           24.881        
516           24.880        
517           24.880        
518           24.880        
519           24.880        
520           24.879        
521           24.879        
522           24.879        
523           24.878        
524           24.877        
525           24.876        
526           24.876        
527           24.878        
528           24.880        
529           24.883        
530           24.889        
531           24.896        
532           24.903        
533           24.915        
534           24.922        
535           24.929        
536           24.942        
537           24.949        
538           24.966        
539           24.974        
540           24.980        
541           24.987        
542           24.990        
543           24.993        
544           24.994        
545           24.994        
546           24.994        
547           24.994        
548           24.994        
549           24.996        
550           24.996        
551           24.999        
552           24.999        
553           24.999        
554           25.000        
555           25.000        
556           25.001        
557           25.000        
558           24.999        
559           24.998        
560           24.998        
561           24.998        
562           24.998        
563           24.998        
564           24.997        
565           24.998        
566           24.997        
567           24.995        
568           24.995        
569           24.995        
570           24.994        
571           24.994        
572           24.994        
573           24.993        
574           24.993        
575           24.992        
576           24.992        
577           24.992        
578           24.991        
579           24.991        
580           24.989        
581           24.988        
582           24.988        
583           24.987        
584           24.987        
585           24.986        
586           24.985        
587           24.984        
588           24.984        
589           24.983        
590           24.983        
591           24.983        
592           24.982        
593           24.981        
594           24.981        
595           24.980        
596           24.979        
597           24.978        
598           24.978        
599           24.977        
600           24.977        
601           24.976        
602           24.976        
603           24.976        
604           24.975        
605           24.974        
606           24.974        
607           24.973        
608           24.972        
609           24.971        
610           24.970        
611           24.970        
612           24.969        
613           24.969        
614           24.968        
615           24.967        
616           24.967        
617           24.966        
618           24.966        
619           24.965        
620           24.965        
621           24.964        
622           24.964        
623           24.963        
624           24.962        
625           24.962        
626           24.961        
627           24.961        
628           24.960        
629           24.959        
630           24.959        
631           24.957        
632           24.957        
633           24.957        
634           24.956        
635           24.955        
636           24.955        
637           24.954        
638           24.953        
639           24.953        
640           24.952        
641           24.951        
642           24.951        
643           24.950        
644           24.949        
645           24.949        
646           24.948        
647           24.947        
648           24.947        
649           24.947        
650           24.947        
651           24.945        
652           24.944        
653           24.944        
654           24.944        
655           24.943        
656           24.943        
657           24.943        
658           24.942        
659           24.940        
660           24.940        
661           24.940        
662           24.939        
663           24.938        
664           24.937        
665           24.937        
666           24.936        
667           24.935        
668           24.935        
669           24.935        
670           24.935        
671           24.934        
672           24.933        
673           24.933        
674           24.933        
675           24.932        
676           24.931        
677           24.930        
678           24.929        
679           24.929        
680           24.928        
681           24.928        
682           24.928        
683           24.926        
684           24.926        
685           24.925        
686           24.925        
687           24.924        
688           24.923        
689           24.923        
690           24.923        
691           24.921        
692           24.921        
693           24.920        
694           24.920        
695           24.919        
696           24.918        
697           24.918        
698           24.917        
699           24.916        
700           24.916        
701           24.916        
702           24.915        
703           24.915        
704           24.914        
705           24.914        
706           24.913        
707           24.912        
708           24.911        
709           24.910        
710           24.910        
711           24.909        
712           24.909        
713           24.908        
714           24.908        
715           24.907        
716           24.906        
717           24.905        
718           24.905        
719           24.904        
720           24.903        
721           24.903        
722           24.902        
723           24.902        
724           24.902        
725           24.901        
726           24.901        
727           24.900        
728           24.899        
729           24.899        
730           24.899        
731           24.898        
732           24.897        
733           24.896        
734           24.896        
735           24.894        
736           24.894        
737           24.894        
738           24.893        
739           24.892        
740           24.892        
741           24.891        
742           24.890        
743           24.889        
744           24.889        
745           24.889        
746           24.888        
747           24.888        
748           24.887        
749           24.887        
750           24.887        
751           24.885        
752           24.884        
753           24.884        
754           24.883        
755           24.883        
756           24.881        
757           24.881        
758           24.881        
759           24.880        
760           24.880        
761           24.880        
762           24.880        
763           24.879        
764           24.878        
765           24.877        
766           24.878        
767           24.877        
768           24.877        
769           24.876        
770           24.876        
771           24.875        
772           24.876        
773           24.876        
774           24.881        
775           24.881        
776           24.884        
777           24.892        
778           24.897        
779           24.905        
780           24.920        
781           24.926        
782           24.938        
783           24.944        
784           24.950        
785           24.963        
786           24.966        
787           24.969        
788           24.972        
789           24.973        
790           24.974        
791           24.974        
792           24.975        
793           24.975        
794           24.975        
795           24.976        
796           24.976        
797           24.977        
798           24.978        
799           24.979        
800           24.979        
801           24.979        
802           24.979        
803           24.979        
804           24.978        
805           24.978        
806           24.977        
807           24.977        
808           24.977        
809           24.977        
810           24.976        
811           24.975        
