1             24.904        
2             24.909        
3             24.920        
4             24.943        
5             24.951        
6             24.955        
7             24.961        
8             24.965        
9             24.974        
10            24.976        
11            24.977        
12            24.978        
13            24.978        
14            24.979        
15            24.979        
16            24.979        
17            24.979        
18            24.979        
19            24.979        
20            24.979        
21            24.979        
22            24.979        
23            24.979        
24            24.979        
25            24.979        
26            24.979        
27            24.979        
28            24.979        
29            24.979        
30            24.979        
31            24.979        
32            24.979        
33            24.979        
34            24.979        
35            24.979        
36            24.979        
37            24.979        
38            24.979        
39            24.979        
40            24.979        
41            24.979        
42            24.978        
43            24.978        
44            24.978        
45            24.978        
46            24.978        
47            24.977        
48            24.977        
49            24.977        
50            24.976        
51            24.975        
52            24.975        
53            24.975        
54            24.975        
55            24.974        
56            24.974        
57            24.974        
58            24.974        
59            24.974        
60            24.974        
61            24.974        
62            24.974        
63            24.973        
64            24.973        
65            24.973        
66            24.972        
67            24.972        
68            24.972        
69            24.971        
70            24.971        
71            24.971        
72            24.970        
73            24.969        
74            24.969        
75            24.970        
76            24.970        
77            24.969        
78            24.969        
79            24.968        
80            24.968        
81            24.968        
82            24.968        
83            24.968        
84            24.968        
85            24.968        
86            24.967        
87            24.967        
88            24.967        
89            24.967        
90            24.966        
91            24.965        
92            24.965        
93            24.965        
94            24.965        
95            24.964        
96            24.964        
97            24.963        
98            24.963        
99            24.964        
100           24.964        
101           24.963        
102           24.963        
103           24.963        
104           24.963        
105           24.962        
106           24.962        
107           24.962        
108           24.962        
109           24.961        
110           24.961        
111           24.961        
112           24.961        
113           24.961        
114           24.960        
115           24.959        
116           24.959        
117           24.959        
118           24.959        
119           24.958        
120           24.958        
121           24.957        
122           24.957        
123           24.957        
124           24.957        
125           24.957        
126           24.957        
127           24.956        
128           24.956        
129           24.956        
130           24.955        
131           24.955        
132           24.955        
133           24.954        
134           24.954        
135           24.954        
136           24.954        
137           24.954        
138           24.953        
139           24.952        
140           24.952        
141           24.952        
142           24.952        
143           24.952        
144           24.951        
145           24.951        
146           24.951        
147           24.951        
148           24.950        
149           24.949        
150           24.949        
151           24.950        
152           24.950        
153           24.949        
154           24.949        
155           24.949        
156           24.948        
157           24.949        
158           24.949        
159           24.947        
160           24.947        
161           24.947        
162           24.947        
163           24.947        
164           24.946        
165           24.946        
166           24.946        
167           24.946        
168           24.945        
169           24.946        
170           24.945        
171           24.945        
172           24.945        
173           24.944        
174           24.944        
175           24.944        
176           24.944        
177           24.943        
178           24.943        
179           24.943        
180           24.943        
181           24.942        
182           24.941        
183           24.941        
184           24.942        
185           24.941        
186           24.941        
187           24.941        
188           24.940        
189           24.940        
190           24.940        
191           24.940        
192           24.940        
193           24.939        
194           24.939        
195           24.939        
196           24.935        
197           24.936        
198           24.937        
199           24.936        
200           24.935        
201           24.935        
202           24.935        
203           24.935        
204           24.933        
205           24.932        
206           24.934        
207           24.934        
208           24.933        
209           24.933        
210           24.933        
211           24.932        
212           24.933        
213           24.933        
214           24.932        
215           24.932        
216           24.932        
217           24.931        
218           24.931        
219           24.930        
220           24.930        
221           24.930        
222           24.929        
223           24.930        
224           24.929        
225           24.929        
226           24.929        
227           24.929        
228           24.929        
229           24.928        
230           24.928        
231           24.928        
232           24.928        
233           24.927        
234           24.926        
235           24.926        
236           24.925        
237           24.926        
238           24.925        
239           24.924        
240           24.925        
241           24.924        
242           24.924        
243           24.924        
244           24.924        
245           24.924        
246           24.924        
247           24.924        
248           24.922        
249           24.923        
250           24.922        
251           24.922        
252           24.923        
253           24.922        
254           24.923        
255           24.922        
256           24.922        
257           24.921        
258           24.920        
259           24.921        
260           24.920        
261           24.920        
262           24.919        
263           24.918        
264           24.919        
265           24.917        
266           24.918        
267           24.918        
268           24.918        
269           24.918        
270           24.918        
271           24.918        
272           24.918        
273           24.918        
274           24.917        
275           24.916        
276           24.917        
277           24.917        
278           24.916        
279           24.915        
280           24.914        
281           24.915        
282           24.916        
283           24.915        
284           24.914        
285           24.914        
286           24.914        
287           24.914        
288           24.915        
289           24.915        
290           24.913        
291           24.913        
292           24.912        
293           24.912        
294           24.912        
295           24.912        
296           24.910        
297           24.911        
298           24.911        
299           24.910        
300           24.910        
301           24.910        
302           24.909        
303           24.909        
304           24.910        
305           24.909        
306           24.909        
307           24.908        
308           24.908        
309           24.908        
310           24.907        
311           24.908        
312           24.907        
313           24.906        
314           24.908        
315           24.907        
316           24.906        
317           24.906        
318           24.906        
319           24.906        
320           24.906        
321           24.904        
322           24.903        
323           24.904        
324           24.902        
325           24.903        
326           24.902        
327           24.903        
328           24.903        
329           24.902        
330           24.902        
331           24.902        
332           24.901        
333           24.901        
334           24.901        
335           24.901        
336           24.902        
337           24.902        
338           24.900        
339           24.900        
340           24.900        
341           24.900        
342           24.900        
343           24.900        
344           24.899        
345           24.898        
346           24.899        
347           24.898        
348           24.898        
349           24.898        
350           24.897        
351           24.897        
352           24.897        
353           24.897        
354           24.896        
355           24.897        
356           24.896        
357           24.896        
358           24.895        
359           24.895        
360           24.895        
361           24.894        
362           24.895        
363           24.896        
364           24.895        
365           24.895        
366           24.895        
367           24.895        
368           24.895        
369           24.894        
370           24.894        
371           24.894        
372           24.893        
373           24.893        
374           24.893        
375           24.893        
376           24.893        
377           24.892        
378           24.892        
379           24.892        
380           24.891        
381           24.891        
382           24.891        
383           24.891        
384           24.891        
385           24.891        
386           24.890        
387           24.890        
388           24.890        
389           24.890        
390           24.889        
391           24.889        
392           24.888        
393           24.888        
394           24.888        
395           24.888        
396           24.888        
397           24.887        
398           24.887        
399           24.888        
400           24.887        
401           24.886        
402           24.886        
403           24.886        
404           24.885        
405           24.885        
406           24.886        
407           24.886        
408           24.885        
409           24.885        
410           24.885        
411           24.884        
412           24.884        
413           24.884        
414           24.884        
415           24.884        
416           24.884        
417           24.883        
418           24.883        
419           24.883        
420           24.883        
421           24.883        
422           24.883        
423           24.883        
424           24.883        
425           24.884        
426           24.888        
427           24.892        
428           24.897        
429           24.907        
430           24.912        
431           24.917        
432           24.927        
433           24.931        
434           24.942        
435           24.947        
436           24.952        
437           24.961        
438           24.963        
439           24.963        
440           24.963        
441           24.963        
442           24.964        
443           24.965        
444           24.964        
445           24.966        
446           24.966        
447           24.966        
448           24.966        
449           24.966        
450           24.967        
451           24.967        
452           24.968        
453           24.967        
454           24.968        
455           24.967        
456           24.967        
457           24.967        
458           24.967        
459           24.967        
460           24.967        
461           24.967        
462           24.967        
463           24.967        
464           24.967        
465           24.966        
466           24.966        
467           24.966        
468           24.965        
469           24.965        
470           24.965        
471           24.964        
472           24.964        
473           24.964        
474           24.964        
475           24.964        
476           24.963        
477           24.963        
478           24.963        
479           24.963        
480           24.962        
481           24.962        
482           24.962        
483           24.962        
484           24.962        
485           24.962        
486           24.961        
487           24.962        
488           24.961        
489           24.960        
490           24.960        
491           24.960        
492           24.960        
493           24.959        
494           24.959        
495           24.959        
496           24.958        
497           24.957        
498           24.957        
499           24.957        
500           24.957        
501           24.957        
502           24.957        
503           24.957        
504           24.957        
505           24.956        
506           24.956        
507           24.956        
508           24.956        
509           24.956        
510           24.955        
511           24.954        
512           24.954        
513           24.955        
514           24.954        
515           24.954        
516           24.954        
517           24.953        
518           24.953        
519           24.953        
520           24.952        
521           24.952        
522           24.952        
523           24.952        
524           24.951        
525           24.951        
526           24.950        
527           24.950        
528           24.950        
529           24.950        
530           24.950        
531           24.949        
532           24.949        
533           24.949        
534           24.949        
535           24.949        
536           24.949        
537           24.948        
538           24.948        
539           24.947        
540           24.947        
541           24.947        
542           24.947        
543           24.947        
544           24.947        
545           24.946        
546           24.946        
547           24.946        
548           24.945        
549           24.945        
550           24.945        
551           24.945        
552           24.945        
553           24.945        
554           24.945        
555           24.944        
556           24.944        
557           24.944        
558           24.943        
559           24.943        
560           24.942        
561           24.943        
562           24.943        
563           24.942        
564           24.942        
565           24.941        
566           24.942        
567           24.942        
568           24.941        
569           24.940        
570           24.940        
571           24.941        
572           24.940        
573           24.940        
574           24.940        
575           24.940        
576           24.939        
577           24.939        
578           24.938        
579           24.937        
580           24.937        
581           24.937        
582           24.937        
583           24.937        
584           24.937        
585           24.936        
586           24.936        
587           24.936        
588           24.936        
589           24.936        
590           24.936        
591           24.936        
592           24.935        
593           24.935        
594           24.934        
595           24.934        
596           24.933        
597           24.933        
598           24.933        
599           24.933        
600           24.933        
601           24.933        
602           24.932        
603           24.932        
604           24.931        
605           24.931        
606           24.931        
607           24.931        
608           24.931        
609           24.931        
610           24.930        
611           24.930        
612           24.930        
613           24.929        
614           24.929        
615           24.928        
616           24.929        
617           24.928        
618           24.927        
619           24.928        
620           24.928        
621           24.927        
622           24.928        
623           24.927        
624           24.927        
625           24.927        
626           24.927        
627           24.927        
628           24.926        
629           24.926        
630           24.926        
631           24.926        
632           24.925        
633           24.925        
634           24.924        
635           24.924        
636           24.924        
637           24.923        
638           24.923        
639           24.923        
640           24.923        
641           24.923        
642           24.922        
643           24.922        
644           24.922        
645           24.922        
646           24.922        
647           24.921        
648           24.921        
649           24.921        
650           24.921        
651           24.921        
652           24.920        
653           24.920        
654           24.920        
655           24.919        
656           24.919        
657           24.919        
658           24.919        
659           24.918        
660           24.918        
661           24.918        
662           24.917        
663           24.917        
664           24.917        
665           24.917        
666           24.916        
667           24.916        
668           24.915        
669           24.915        
670           24.915        
671           24.915        
672           24.915        
673           24.914        
674           24.915        
675           24.915        
676           24.915        
677           24.914        
678           24.914        
679           24.914        
680           24.914        
681           24.913        
682           24.913        
683           24.913        
684           24.911        
685           24.911        
686           24.911        
687           24.911        
688           24.911        
689           24.910        
690           24.910        
691           24.910        
692           24.910        
693           24.910        
694           24.910        
695           24.910        
696           24.909        
697           24.909        
698           24.908        
699           24.908        
700           24.908        
701           24.908        
702           24.907        
703           24.907        
704           24.907        
705           24.906        
706           24.906        
707           24.906        
708           24.906        
709           24.905        
710           24.905        
711           24.905        
712           24.906        
713           24.905        
714           24.904        
715           24.904        
716           24.903        
717           24.903        
718           24.903        
719           24.903        
720           24.903        
721           24.903        
722           24.903        
723           24.902        
724           24.902        
725           24.901        
726           24.901        
727           24.901        
728           24.900        
729           24.901        
730           24.900        
731           24.900        
732           24.898        
733           24.899        
734           24.900        
735           24.899        
736           24.898        
737           24.898        
738           24.898        
739           24.898        
740           24.898        
741           24.897        
742           24.897        
743           24.896        
744           24.896        
745           24.896        
746           24.896        
747           24.896        
748           24.896        
749           24.895        
750           24.895        
751           24.894        
752           24.894        
753           24.894        
754           24.894        
755           24.894        
756           24.893        
757           24.893        
758           24.893        
759           24.893        
760           24.892        
761           24.892        
762           24.892        
763           24.892        
764           24.891        
765           24.891        
766           24.891        
767           24.891        
768           24.891        
769           24.890        
770           24.890        
771           24.890        
772           24.890        
773           24.889        
774           24.889        
775           24.888        
776           24.888        
777           24.888        
778           24.888        
779           24.888        
780           24.888        
781           24.887        
782           24.887        
783           24.887        
784           24.886        
785           24.886        
786           24.886        
787           24.885        
788           24.885        
789           24.885        
790           24.885        
791           24.884        
792           24.885        
793           24.884        
794           24.884        
795           24.883        
796           24.884        
797           24.884        
798           24.884        
799           24.883        
800           24.884        
801           24.883        
802           24.884        
803           24.883        
804           24.883        
805           24.882        
806           24.882        
807           24.882        
808           24.882        
809           24.882        
810           24.882        
811           24.882        
812           24.882        
813           24.882        
814           24.883        
815           24.882        
816           24.882        
817           24.883        
818           24.884        
819           24.886        
820           24.892        
821           24.898        
822           24.903        
823           24.912        
824           24.917        
825           24.925        
826           24.929        
827           24.931        
828           24.934        
829           24.936        
830           24.938        
831           24.940        
832           24.941        
833           24.942        
834           24.943        
835           24.943        
836           24.944        
837           24.944        
838           24.944        
839           24.943        
840           24.943        
841           24.945        
842           24.945        
843           24.945        
844           24.946        
845           24.945        
846           24.946        
847           24.946        
848           24.946        
849           24.945        
850           24.945        
851           24.944        
852           24.944        
853           24.944        
854           24.944        
855           24.944        
856           24.944        
857           24.943        
858           24.943        
859           24.943        
860           24.943        
861           24.943        
862           24.943        
863           24.943        
864           24.942        
865           24.942        
866           24.941        
867           24.941        
868           24.941        
869           24.941        
870           24.940        
871           24.940        
872           24.940        
873           24.941        
874           24.941        
875           24.940        
876           24.939        
877           24.939        
878           24.939        
879           24.939        
880           24.938        
881           24.938        
882           24.938        
883           24.938        
884           24.937        
885           24.937        
886           24.937        
887           24.937        
888           24.936        
889           24.936        
890           24.936        
891           24.935        
892           24.935        
893           24.935        
894           24.935        
895           24.935        
896           24.935        
897           24.934        
898           24.933        
899           24.933        
900           24.933        
901           24.932        
902           24.932        
903           24.932        
904           24.932        
905           24.931        
906           24.931        
907           24.930        
908           24.931        
909           24.931        
910           24.930        
911           24.930        
912           24.930        
913           24.930        
914           24.930        
915           24.929        
916           24.929        
917           24.929        
918           24.928        
919           24.928        
920           24.928        
921           24.928        
922           24.927        
923           24.927        
924           24.927        
925           24.927        
926           24.927        
927           24.927        
928           24.926        
929           24.926        
930           24.925        
931           24.925        
932           24.925        
933           24.924        
934           24.924        
935           24.924        
936           24.924        
937           24.924        
938           24.924        
939           24.924        
940           24.924        
941           24.923        
942           24.923        
943           24.923        
944           24.922        
945           24.923        
946           24.922        
947           24.921        
948           24.921        
949           24.922        
950           24.922        
951           24.921        
952           24.921        
953           24.920        
954           24.920        
955           24.920        
956           24.920        
957           24.919        
958           24.919        
959           24.918        
960           24.918        
961           24.918        
962           24.918        
963           24.918        
964           24.918        
965           24.918        
966           24.918        
967           24.917        
968           24.917        
969           24.916        
970           24.916        
971           24.916        
972           24.915        
973           24.915        
974           24.915        
975           24.915        
976           24.915        
977           24.914        
978           24.915        
979           24.915        
980           24.914        
981           24.914        
982           24.914        
983           24.914        
984           24.913        
985           24.912        
986           24.912        
987           24.912        
988           24.912        
989           24.912        
990           24.911        
991           24.911        
992           24.911        
993           24.911        
994           24.910        
995           24.909        
996           24.910        
997           24.910        
998           24.910        
999           24.910        
1000          24.909        
1001          24.909        
1002          24.909        
1003          24.908        
1004          24.908        
1005          24.908        
1006          24.907        
1007          24.908        
1008          24.908        
1009          24.906        
1010          24.907        
1011          24.907        
1012          24.906        
1013          24.906        
1014          24.906        
1015          24.906        
1016          24.905        
1017          24.905        
1018          24.905        
1019          24.904        
1020          24.904        
1021          24.904        
1022          24.903        
1023          24.903        
1024          24.904        
1025          24.902        
1026          24.903        
1027          24.902        
1028          24.902        
1029          24.903        
1030          24.902        
1031          24.902        
1032          24.901        
1033          24.901        
1034          24.901        
1035          24.900        
1036          24.901        
1037          24.901        
1038          24.899        
1039          24.899        
1040          24.899        
1041          24.899        
1042          24.898        
1043          24.898        
1044          24.898        
1045          24.898        
1046          24.898        
1047          24.898        
1048          24.897        
1049          24.897        
1050          24.897        
1051          24.896        
1052          24.896        
1053          24.896        
1054          24.896        
1055          24.895        
1056          24.895        
1057          24.895        
1058          24.895        
1059          24.894        
1060          24.894        
1061          24.893        
1062          24.893        
1063          24.894        
1064          24.893        
1065          24.893        
1066          24.893        
1067          24.892        
1068          24.892        
1069          24.892        
1070          24.892        
1071          24.891        
1072          24.891        
1073          24.891        
1074          24.891        
1075          24.890        
1076          24.890        
1077          24.889        
1078          24.889        
1079          24.889        
1080          24.889        
1081          24.888        
1082          24.888        
1083          24.888        
1084          24.888        
1085          24.887        
1086          24.887        
1087          24.887        
1088          24.887        
1089          24.887        
1090          24.887        
1091          24.886        
1092          24.886        
1093          24.885        
1094          24.885        
1095          24.885        
1096          24.885        
1097          24.885        
1098          24.885        
1099          24.885        
1100          24.884        
1101          24.884        
1102          24.884        
1103          24.884        
1104          24.884        
1105          24.884        
1106          24.884        
1107          24.883        
1108          24.884        
1109          24.884        
1110          24.884        
1111          24.883        
1112          24.883        
1113          24.883        
1114          24.882        
1115          24.882        
1116          24.883        
1117          24.882        
1118          24.882        
1119          24.882        
1120          24.882        
1121          24.882        
1122          24.882        
1123          24.882        
1124          24.883        
1125          24.884        
1126          24.885        
1127          24.890        
1128          24.893        
1129          24.897        
1130          24.907        
1131          24.913        
1132          24.926        
1133          24.932        
1134          24.940        
1135          24.953        
1136          24.957        
1137          24.960        
1138          24.964        
1139          24.965        
1140          24.967        
1141          24.968        
1142          24.969        
1143          24.972        
1144          24.974        
1145          24.975        
1146          24.976        
1147          24.976        
1148          24.977        
1149          24.978        
1150          24.978        
1151          24.978        
1152          24.978        
1153          24.978        
1154          24.978        
1155          24.978        
1156          24.978        
1157          24.978        
1158          24.978        
1159          24.978        
1160          24.978        
