1             24.936        
2             24.936        
3             24.937        
4             24.940        
5             24.941        
6             24.943        
7             24.947        
8             24.948        
9             24.954        
10            24.957        
11            24.958        
12            24.962        
13            24.963        
14            24.964        
15            24.966        
16            24.968        
17            24.972        
18            24.973        
19            24.974        
20            24.973        
21            24.973        
22            24.974        
23            24.974        
24            24.973        
25            24.973        
26            24.973        
27            24.973        
28            24.973        
29            24.972        
30            24.971        
31            24.972        
32            24.971        
33            24.971        
34            24.970        
35            24.970        
36            24.969        
37            24.969        
38            24.969        
39            24.967        
40            24.967        
41            24.966        
42            24.966        
43            24.964        
44            24.964        
45            24.964        
46            24.963        
47            24.962        
48            24.962        
49            24.962        
50            24.962        
51            24.961        
52            24.960        
53            24.959        
54            24.958        
55            24.958        
56            24.958        
57            24.957        
58            24.957        
59            24.955        
60            24.955        
61            24.954        
62            24.954        
63            24.954        
64            24.952        
65            24.952        
66            24.952        
67            24.951        
68            24.950        
69            24.949        
70            24.949        
71            24.948        
72            24.947        
73            24.947        
74            24.947        
75            24.946        
76            24.945        
77            24.944        
78            24.943        
79            24.943        
80            24.942        
81            24.942        
82            24.942        
83            24.940        
84            24.940        
85            24.939        
86            24.939        
87            24.938        
88            24.936        
89            24.936        
90            24.937        
91            24.937        
92            24.937        
93            24.938        
94            24.939        
95            24.941        
96            24.944        
97            24.945        
98            24.947        
99            24.952        
100           24.955        
101           24.960        
102           24.964        
103           24.969        
104           24.978        
105           24.980        
106           24.983        
107           24.985        
108           24.987        
109           24.988        
110           24.988        
111           24.988        
112           24.988        
113           24.987        
114           24.988        
115           24.987        
116           24.986        
117           24.985        
118           24.985        
119           24.985        
120           24.984        
121           24.984        
122           24.983        
123           24.983        
124           24.983        
125           24.983        
126           24.983        
127           24.982        
128           24.981        
129           24.981        
130           24.980        
131           24.979        
132           24.979        
133           24.979        
134           24.979        
135           24.977        
136           24.977        
137           24.976        
138           24.975        
139           24.975        
140           24.974        
141           24.974        
142           24.973        
143           24.972        
144           24.971        
145           24.971        
146           24.970        
147           24.970        
148           24.969        
149           24.969        
150           24.968        
151           24.967        
152           24.967        
153           24.966        
154           24.965        
155           24.964        
156           24.964        
157           24.964        
158           24.963        
159           24.961        
160           24.961        
161           24.960        
162           24.960        
163           24.959        
164           24.960        
165           24.959        
166           24.958        
167           24.958        
168           24.957        
169           24.956        
170           24.955        
171           24.955        
172           24.953        
173           24.953        
174           24.953        
175           24.952        
176           24.952        
177           24.951        
178           24.951        
179           24.950        
180           24.950        
181           24.948        
182           24.947        
183           24.947        
184           24.947        
185           24.946        
186           24.945        
187           24.945        
188           24.944        
189           24.943        
190           24.942        
191           24.943        
192           24.942        
193           24.941        
194           24.941        
195           24.941        
196           24.940        
197           24.940        
198           24.938        
199           24.938        
200           24.939        
201           24.938        
202           24.938        
203           24.939        
204           24.939        
205           24.940        
206           24.942        
207           24.945        
208           24.947        
209           24.955        
210           24.960        
211           24.968        
212           24.971        
213           24.974        
214           24.978        
215           24.980        
216           24.981        
217           24.985        
218           24.986        
219           24.987        
220           24.987        
221           24.987        
222           24.986        
223           24.985        
224           24.985        
225           24.985        
226           24.984        
227           24.985        
228           24.985        
229           24.985        
230           24.984        
231           24.985        
232           24.983        
233           24.983        
234           24.984        
235           24.982        
236           24.982        
237           24.982        
238           24.981        
239           24.980        
240           24.980        
241           24.981        
242           24.981        
243           24.980        
244           24.979        
245           24.978        
246           24.977        
247           24.977        
248           24.975        
249           24.975        
250           24.975        
251           24.975        
252           24.973        
253           24.972        
254           24.972        
255           24.972        
256           24.972        
257           24.972        
258           24.970        
259           24.969        
260           24.968        
261           24.968        
262           24.967        
263           24.966        
264           24.965        
265           24.965        
266           24.964        
267           24.964        
268           24.964        
269           24.963        
270           24.963        
271           24.962        
272           24.962        
273           24.961        
274           24.959        
275           24.959        
276           24.959        
277           24.958        
278           24.958        
279           24.958        
280           24.956        
281           24.956        
282           24.955        
283           24.955        
284           24.955        
285           24.954        
286           24.953        
287           24.952        
288           24.952        
289           24.951        
290           24.950        
291           24.950        
292           24.949        
293           24.949        
294           24.948        
295           24.947        
296           24.947        
297           24.946        
298           24.946        
299           24.945        
300           24.945        
301           24.944        
302           24.943        
303           24.942        
304           24.942        
305           24.941        
306           24.941        
307           24.940        
308           24.939        
309           24.939        
310           24.938        
311           24.937        
312           24.937        
313           24.937        
314           24.936        
315           24.936        
316           24.937        
317           24.938        
318           24.939        
319           24.940        
320           24.943        
321           24.946        
322           24.953        
323           24.958        
324           24.966        
325           24.969        
326           24.971        
327           24.974        
328           24.975        
329           24.979        
330           24.981        
331           24.982        
332           24.983        
333           24.983        
334           24.983        
335           24.982        
336           24.982        
337           24.984        
338           24.984        
339           24.984        
340           24.983        
341           24.983        
342           24.983        
343           24.982        
344           24.981        
345           24.982        
346           24.981        
347           24.981        
348           24.981        
349           24.980        
350           24.979        
351           24.979        
352           24.978        
353           24.977        
354           24.977        
355           24.976        
356           24.977        
357           24.976        
358           24.975        
359           24.975        
360           24.974        
361           24.974        
362           24.973        
363           24.973        
364           24.972        
365           24.972        
366           24.971        
367           24.971        
368           24.970        
369           24.970        
370           24.969        
371           24.968        
372           24.968        
373           24.968        
374           24.967        
375           24.967        
376           24.966        
377           24.965        
378           24.964        
379           24.963        
380           24.963        
381           24.963        
382           24.962        
383           24.961        
384           24.961        
385           24.959        
386           24.959        
387           24.958        
388           24.958        
389           24.957        
390           24.957        
391           24.955        
392           24.954        
393           24.954        
394           24.953        
395           24.952        
396           24.952        
397           24.951        
398           24.951        
399           24.950        
400           24.949        
401           24.949        
402           24.949        
403           24.947        
404           24.946        
405           24.946        
406           24.945        
407           24.945        
408           24.944        
409           24.944        
410           24.943        
411           24.943        
412           24.942        
413           24.942        
414           24.941        
415           24.940        
416           24.940        
417           24.939        
418           24.939        
419           24.938        
420           24.937        
421           24.936        
422           24.936        
423           24.936        
424           24.937        
425           24.938        
426           24.938        
427           24.941        
428           24.944        
429           24.948        
430           24.950        
431           24.952        
432           24.958        
433           24.961        
434           24.967        
435           24.969        
436           24.972        
437           24.975        
438           24.977        
439           24.978        
440           24.979        
441           24.980        
442           24.980        
443           24.980        
444           24.980        
445           24.979        
446           24.979        
447           24.979        
448           24.979        
449           24.980        
450           24.979        
451           24.979        
452           24.979        
453           24.979        
454           24.979        
455           24.978        
456           24.978        
457           24.978        
458           24.978        
459           24.977        
460           24.976        
461           24.976        
462           24.976        
463           24.975        
464           24.974        
465           24.974        
466           24.973        
467           24.973        
468           24.972        
469           24.970        
470           24.970        
471           24.969        
472           24.969        
473           24.968        
474           24.967        
475           24.967        
476           24.966        
477           24.966        
478           24.966        
479           24.964        
480           24.965        
481           24.965        
482           24.964        
483           24.963        
484           24.963        
485           24.963        
486           24.961        
487           24.961        
488           24.961        
489           24.959        
490           24.958        
491           24.958        
492           24.957        
493           24.956        
494           24.955        
495           24.955        
496           24.955        
497           24.954        
498           24.953        
499           24.953        
500           24.952        
501           24.951        
502           24.951        
503           24.950        
504           24.949        
505           24.949        
506           24.948        
507           24.948        
508           24.947        
509           24.947        
510           24.947        
511           24.946        
512           24.946        
513           24.945        
514           24.944        
515           24.944        
516           24.943        
517           24.943        
518           24.942        
519           24.941        
520           24.940        
521           24.939        
522           24.939        
523           24.938        
524           24.938        
525           24.937        
526           24.935        
527           24.935        
528           24.935        
529           24.937        
530           24.937        
531           24.937        
532           24.939        
533           24.940        
534           24.943        
535           24.945        
536           24.948        
537           24.952        
538           24.954        
539           24.958        
540           24.961        
541           24.965        
542           24.976        
543           24.980        
544           24.983        
545           24.985        
546           24.986        
547           24.986        
548           24.986        
549           24.986        
550           24.985        
551           24.984        
552           24.984        
553           24.983        
554           24.983        
555           24.983        
556           24.983        
557           24.983        
558           24.982        
559           24.982        
560           24.981        
561           24.981        
562           24.981        
563           24.980        
564           24.979        
565           24.979        
566           24.978        
567           24.978        
568           24.977        
569           24.977        
570           24.977        
571           24.976        
572           24.976        
573           24.975        
574           24.974        
575           24.974        
576           24.974        
577           24.973        
578           24.972        
579           24.971        
580           24.971        
581           24.970        
582           24.970        
583           24.969        
584           24.968        
585           24.967        
586           24.967        
587           24.966        
588           24.965        
589           24.965        
590           24.963        
591           24.963        
592           24.963        
593           24.962        
594           24.962        
595           24.961        
596           24.961        
597           24.960        
598           24.960        
599           24.959        
600           24.957        
601           24.957        
602           24.956        
603           24.956        
604           24.955        
605           24.954        
606           24.954        
607           24.954        
608           24.953        
609           24.952        
610           24.951        
611           24.951        
612           24.950        
613           24.949        
614           24.948        
615           24.948        
616           24.947        
617           24.947        
618           24.947        
619           24.946        
620           24.946        
621           24.944        
622           24.944        
623           24.943        
624           24.943        
625           24.943        
626           24.941        
627           24.941        
628           24.941        
629           24.939        
630           24.939        
631           24.938        
632           24.938        
633           24.938        
634           24.937        
635           24.936        
636           24.936        
637           24.935        
638           24.935        
639           24.935        
640           24.936        
641           24.938        
642           24.942        
643           24.944        
644           24.948        
645           24.949        
646           24.951        
647           24.957        
648           24.959        
649           24.962        
650           24.969        
651           24.971        
652           24.972        
653           24.973        
654           24.973        
655           24.974        
656           24.975        
657           24.976        
658           24.976        
659           24.976        
660           24.976        
661           24.976        
662           24.975        
663           24.975        
664           24.976        
665           24.975        
666           24.975        
667           24.974        
668           24.974        
669           24.974        
670           24.973        
671           24.973        
672           24.972        
673           24.971        
674           24.971        
675           24.971        
676           24.970        
677           24.970        
678           24.970        
679           24.969        
680           24.968        
681           24.968        
682           24.968        
683           24.968        
684           24.966        
685           24.965        
686           24.964        
687           24.964        
688           24.963        
689           24.962        
690           24.962        
691           24.961        
692           24.960        
693           24.960        
694           24.959        
695           24.958        
696           24.958        
697           24.957        
698           24.957        
699           24.956        
700           24.955        
701           24.955        
702           24.954        
703           24.954        
704           24.953        
705           24.953        
706           24.953        
707           24.952        
708           24.952        
709           24.950        
710           24.950        
711           24.949        
712           24.948        
713           24.947        
714           24.947        
715           24.946        
716           24.946        
717           24.946        
718           24.945        
719           24.944        
720           24.944        
721           24.944        
722           24.943        
723           24.942        
724           24.941        
725           24.941        
726           24.940        
727           24.940        
728           24.938        
729           24.938        
730           24.938        
731           24.937        
732           24.937        
733           24.936        
734           24.935        
735           24.935        
736           24.935        
737           24.936        
738           24.936        
739           24.939        
740           24.941        
741           24.947        
742           24.950        
743           24.954        
744           24.960        
745           24.962        
746           24.966        
747           24.973        
748           24.976        
749           24.979        
750           24.979        
751           24.980        
752           24.981        
753           24.980        
754           24.980        
755           24.980        
756           24.980        
757           24.979        
758           24.979        
759           24.980        
760           24.979        
761           24.979        
762           24.979        
763           24.979        
764           24.979        
765           24.979        
766           24.978        
767           24.977        
768           24.977        
769           24.976        
770           24.976        
771           24.976        
772           24.976        
773           24.974        
774           24.974        
775           24.974        
776           24.973        
777           24.972        
778           24.971        
779           24.971        
780           24.971        
781           24.969        
782           24.968        
783           24.968        
784           24.967        
785           24.967        
786           24.966        
787           24.965        
788           24.965        
789           24.964        
790           24.963        
791           24.962        
792           24.962        
793           24.962        
794           24.961        
795           24.960        
796           24.961        
797           24.959        
798           24.959        
799           24.958        
800           24.957        
801           24.957        
802           24.956        
803           24.955        
804           24.956        
805           24.955        
806           24.954        
807           24.954        
808           24.954        
809           24.953        
810           24.951        
811           24.951        
812           24.951        
813           24.951        
814           24.950        
815           24.949        
816           24.948        
817           24.948        
818           24.947        
819           24.946        
820           24.945        
821           24.945        
822           24.945        
823           24.944        
824           24.944        
825           24.943        
826           24.943        
827           24.943        
828           24.941        
829           24.941        
830           24.940        
831           24.939        
832           24.938        
833           24.937        
834           24.937        
835           24.936        
836           24.936        
837           24.935        
838           24.935        
839           24.935        
840           24.935        
841           24.936        
842           24.936        
843           24.936        
844           24.939        
845           24.941        
846           24.945        
847           24.947        
848           24.949        
849           24.956        
850           24.960        
851           24.964        
852           24.968        
853           24.971        
854           24.976        
855           24.978        
856           24.979        
