时间            微压差
 .1           -520 
 .2           -520 
 .4           -520 
 .7           -520 
 .8           -520 
 1            -519 
 1.2          -519 
 1.3          -519 
 1.5          -519 
 1.6          -519 
 1.8          -519 
 2            -519 
 2.1          -519 
 2.2          -519 
 2.4          -519 
 2.5          -519 
 2.6          -519 
 2.7          -519 
 2.9          -519 
 3            -519 
 3.1          -519 
 3.2          -519 
 3.4          -519 
 3.6          -519 
 3.7          -519 
 3.9          -519 
 4            -519 
 4.2          -519 
 4.4          -519 
 4.6          -519 
 4.7          -519 
 4.9          -519 
 5.1          -519 
 5.2          -519 
 5.4          -519 
 5.6          -518 
 5.8          -518 
 5.9          -518 
 6.1          -518 
 6.2          -519 
 6.4          -522 
 6.6          -525 
 6.7          -529 
 7            -534 
 7.2          -539 
 7.4          -542 
 7.6          -548 
 7.7          -549 
 8            -551 
 8.2          -541 
 8.3          -504 
 8.5          -504 
 8.7          -507 
 8.8          -509 
 9            -516 
 9.2          -518 
 9.3          -519 
 9.5          -522 
 9.7          -522 
 9.8          -522 
 10           -522 
 10.3         -524 
 10.5         -527 
 10.7         -532 
 10.8         -534 
 11           -542 
 11.2         -544 
 11.3         -545 
 11.5         -551 
 11.7         -553 
 11.8         -553 
 12           -509 
 12.2         -502 
 12.4         -502 
 12.6         -504 
 12.8         -509 
 13           -516 
 13.2         -520 
 13.3         -522 
 13.6         -523 
 13.8         -523 
 14           -523 
 14.2         -524 
 14.3         -527 
 14.6         -532 
 14.8         -536 
 15           -542 
 15.2         -545 
 15.3         -547 
 15.5         -553 
 15.8         -553 
 16           -523 
 16.1         -501 
 16.3         -501 
 16.5         -504 
 16.6         -506 
 16.8         -514 
 17           -515 
 17.1         -517 
 17.3         -522 
 17.5         -524 
 17.6         -524 
 17.8         -524 
 18           -524 
 18.1         -524 
 18.3         -526 
 18.5         -552 
 18.6         -552 
 18.8         -552 
 19           -552 
 19.2         -552 
 19.3         -552 
 19.5         -552 
 19.6         -552 
 19.8         -552 
 20           -509 
 20.1         -486 
 20.4         -486 
 20.5         -486 
 20.6         -489 
 20.8         -496 
 21           -501 
 21.1         -506 
 21.4         -509 
 21.5         -509 
 21.6         -509 
 21.8         -509 
 22           -509 
 22.1         -510 
 22.3         -512 
 22.6         -517 
 22.8         -521 
 23           -526 
 23.1         -528 
 23.3         -553 
 23.5         -553 
 23.7         -553 
 23.8         -553 
 24           -553 
 24.1         -553 
 24.3         -553 
 24.5         -553 
 24.6         -502 
 24.8         -479 
 25           -479 
 25.1         -479 
 25.3         -483 
 25.5         -485 
 25.6         -486 
 25.9         -486 
 26           -486 
 26.1         -487 
 26.3         -489 
 26.5         -493 
 26.6         -495 
 26.8         -500 
 27.1         -505 
 27.3         -509 
 27.5         -515 
 27.6         -516 
 27.8         -524 
 28           -527 
 28.2         -531 
 28.3         -533 
 28.5         -536 
 28.6         -538 
 28.8         -544 
 29           -547 
 29.1         -550 
 29.3         -551 
 29.5         -554 
 29.6         -554 
 29.8         -554 
 30           -554 
 30.1         -554 
 30.3         -554 
 30.5         -554 
 30.6         -554 
 30.8         -554 
 31           -480 
 31.1         -480 
 31.3         -483 
 31.5         -485 
 31.6         -488 
 31.8         -494 
 32           -499 
 32.1         -501 
 32.2         -505 
 32.4         -509 
 32.5         -512 
 32.7         -515 
 32.9         -519 
 33           -521 
 33.1         -524 
 33.2         -526 
 33.4         -528 
 33.5         -528 
 33.6         -528 
 33.7         -528 
 33.9         -528 
 34           -528 
 34.1         -528 
 34.2         -528 
 34.4         -530 
 34.5         -553 
 34.6         -553 
 34.7         -553 
 34.9         -553 
 35           -553 
 35.1         -553 
 35.2         -553 
 35.4         -553 
 35.5         -553 
 35.6         -553 
 35.7         -553 
 35.9         -524 
 36.1         -481 
 36.2         -481 
 36.4         -481 
 36.5         -483 
 36.6         -489 
 36.7         -491 
 36.9         -496 
 37           -500 
 37.1         -502 
 37.3         -504 
 37.4         -505 
 37.5         -507 
 37.6         -507 
 37.7         -507 
 37.9         -507 
 38           -507 
 38.1         -507 
 38.3         -509 
 38.4         -510 
 38.5         -512 
 38.6         -514 
 38.7         -517 
 38.9         -521 
 39           -523 
 39.1         -525 
 39.2         -528 
 39.5         -554 
 39.6         -554 
 39.7         -554 
 39.9         -554 
 40           -554 
 40.1         -554 
 40.2         -554 
 40.4         -554 
 40.5         -554 
 40.7         -554 
 40.9         -554 
 41           -478 
 41.1         -478 
 41.2         -478 
 41.4         -484 
 41.5         -484 
 41.7         -485 
 41.9         -485 
 42           -485 
 42.1         -485 
 42.2         -486 
 42.4         -490 
 42.5         -492 
 42.6         -493 
 42.7         -497 
 42.9         -499 
 43           -502 
 43.1         -504 
 43.2         -507 
 43.4         -511 
 43.5         -513 
 43.6         -516 
 43.7         -518 
 43.9         -520 
 44           -525 
 44.1         -527 
 44.2         -529 
 44.4         -534 
 44.5         -536 
 44.6         -538 
 44.7         -540 
 44.9         -543 
 45           -545 
 45.1         -546 
 45.2         -548 
 45.4         -552 
 45.5         -552 
 45.6         -552 
 45.7         -552 
 45.9         -552 
 46.1         -552 
 46.2         -552 
 46.4         -552 
 46.5         -552 
 46.6         -552 
 46.7         -552 
 46.9         -540 
 47.1         -488 
 47.2         -484 
 47.4         -484 
 47.5         -489 
 47.6         -492 
 47.7         -494 
 47.9         -501 
 48           -503 
 48.1         -505 
 48.3         -507 
 48.4         -511 
 48.5         -513 
 48.6         -515 
 48.7         -517 
 48.9         -523 
 49           -524 
 49.1         -526 
 49.2         -528 
 49.5         -531 
 49.6         -531 
 49.7         -531 
 49.9         -530 
 50           -530 
 50.1         -530 
 50.2         -530 
 50.5         -555 
 50.6         -555 
 50.7         -555 
 50.9         -555 
 51           -555 
 51.1         -555 
 51.2         -555 
 51.4         -555 
 51.5         -555 
 51.7         -555 
 51.9         -480 
 52           -480 
 52.1         -480 
 52.2         -480 
 52.4         -489 
 52.5         -491 
 52.6         -493 
 52.7         -496 
 52.9         -501 
 53           -503 
 53.1         -505 
 53.2         -507 
 53.4         -512 
 53.5         -512 
 53.6         -512 
 53.8         -512 
 53.9         -512 
 54           -512 
 54.1         -512 
 54.2         -512 
 54.4         -514 
 54.5         -517 
 54.6         -519 
 54.7         -521 
 54.9         -523 
 55           -526 
 55.1         -528 
 55.2         -530 
 55.4         -555 
 55.5         -555 
 55.6         -555 
 55.7         -555 
 55.9         -555 
 56.1         -555 
 56.2         -555 
 56.4         -555 
 56.5         -555 
 56.6         -555 
 56.7         -472 
 56.9         -472 
 57.1         -472 
 57.2         -477 
 57.4         -481 
 57.5         -483 
 57.6         -484 
 57.7         -484 
 57.9         -484 
 58           -484 
 58.1         -485 
 58.3         -486 
 58.4         -487 
 58.5         -490 
 58.6         -492 
 58.7         -493 
 58.9         -499 
 59           -501 
 59.1         -503 
 59.2         -505 
 59.5         -511 
 59.6         -512 
 59.7         -514 
 59.9         -520 
 60           -523 
 60.1         -525 
 60.2         -528 
 60.5         -532 
 60.6         -534 
 60.7         -537 
 60.9         -541 
 61           -542 
 61.1         -545 
 61.2         -547 
 61.4         -552 
 61.5         -552 
 61.7         -552 
 61.9         -552 
 62           -552 
 62.1         -552 
 62.2         -552 
 62.4         -552 
 62.5         -552 
 62.6         -552 
 62.8         -552 
 62.9         -483 
 63           -474 
 63.1         -474 
 63.2         -474 
 63.4         -477 
 63.5         -479 
 63.6         -482 
 63.8         -487 
 63.9         -489 
 64           -491 
 64.2         -498 
 64.4         -502 
 64.6         -508 
 64.7         -510 
 64.9         -512 
 65.1         -517 
 65.2         -519 
 65.4         -522 
 65.6         -523 
 65.7         -523 
 66           -523 
 66.2         -523 
 66.4         -525 
 66.6         -528 
 66.7         -552 
 66.9         -552 
 67.1         -552 
 67.2         -552 
 67.4         -552 
 67.6         -552 
 67.7         -552 
 67.9         -552 
 68.1         -552 
 68.3         -534 
 68.4         -482 
 68.6         -482 
 68.7         -482 
 68.9         -484 
 69.1         -492 
 69.2         -493 
 69.4         -495 
 69.6         -499 
 69.7         -499 
 69.9         -500 
 70.1         -500 
 70.2         -500 
 70.5         -503 
 70.7         -506 
 70.9         -512 
 71.1         -515 
 71.2         -519 
 71.4         -523 
 71.7         -528 
 71.9         -531 
 72.1         -555 
 72.2         -555 
 72.4         -555 
 72.6         -555 
 72.7         -555 
 72.9         -555 
 73.1         -555 
 73.2         -555 
 73.4         -468 
 73.6         -464 
 73.8         -464 
 73.9         -464 
 74.1         -465 
 74.2         -466 
 74.4         -470 
 74.6         -474 
 74.7         -478 
 74.9         -480 
 75.1         -484 
 75.2         -489 
 75.4         -493 
 75.6         -498 
 75.7         -502 
 76           -506 
 76.2         -511 
 76.4         -515 
 76.6         -520 
 76.7         -522 
 76.9         -527 
 77.2         -531 
 77.4         -534 
 77.6         -535 
 77.7         -535 
 77.9         -534 
 78.1         -534 
 78.3         -552 
 78.4         -552 
 78.6         -552 
 78.7         -552 
 78.9         -552 
 79.1         -552 
 79.2         -552 
 79.4         -552 
 79.6         -552 
 79.7         -541 
 79.9         -482 
 80.1         -482 
 80.2         -482 
 80.5         -490 
 80.7         -494 
 80.9         -501 
 81.1         -505 
 81.2         -507 
 81.4         -512 
 81.7         -513 
 81.9         -513 
 82.1         -513 
 82.2         -513 
 82.4         -514 
 82.7         -519 
 82.9         -523 
 83.1         -528 
 83.2         -530 
 83.4         -554 
 83.6         -554 
 83.7         -554 
 83.9         -554 
 84.1         -554 
 84.2         -554 
 84.4         -554 
 84.6         -554 
 84.7         -554 
 84.9         -472 
 85.1         -472 
 85.2         -472 
 85.4         -473 
 85.6         -477 
 85.7         -479 
 85.9         -479 
 86.1         -480 
 86.2         -480 
 86.4         -482 
 86.6         -486 
 86.7         -488 
 86.9         -493 
 87.1         -498 
 87.3         -500 
 87.4         -502 
 87.6         -507 
 87.7         -509 
 87.9         -515 
 88.1         -518 
 88.2         -520 
 88.5         -525 
 88.7         -533 
 88.9         -536 
 89.1         -541 
 89.2         -543 
 89.4         -544 
 89.6         -545 
 89.7         -545 
 89.9         -552 
 90.1         -552 
 90.2         -552 
 90.5         -552 
 90.7         -552 
 90.9         -552 
 91.1         -552 
 91.2         -552 
 91.4         -473 
 91.6         -473 
 91.7         -473 
 91.9         -479 
 92.1         -487 
 92.2         -492 
 92.4         -496 
 92.6         -502 
 92.8         -504 
 92.9         -506 
 93.1         -510 
 93.2         -514 
 93.4         -516 
 93.6         -518 
 93.7         -518 
 93.9         -518 
 94.1         -518 
 94.2         -518 
 94.4         -518 
 94.6         -522 
 94.7         -523 
 95           -528 
 95.2         -553 
 95.4         -553 
 95.6         -553 
 95.7         -553 
 95.9         -553 
 96.1         -553 
 96.2         -553 
 96.4         -553 
 96.6         -514 
 96.7         -461 
 96.9         -461 
 97.1         -467 
 97.3         -470 
 97.4         -472 
 97.6         -477 
 97.7         -478 
 97.9         -478 
 98.1         -478 
 98.3         -478 
 98.4         -479 
 98.6         -482 
 98.7         -483 
 98.9         -491 
 99.1         -495 
 99.2         -499 
 99.5         -503 
 99.7         -506 
 99.9         -512 
 100.1        -515 
 100.2        -519 
 100.4        -522 
 100.7        -527 
 100.9        -531 
 101.1        -536 
 101.2        -538 
 101.4        -540 
 101.7        -543 
 101.9        -543 
 102.1        -552 
 102.2        -552 
 102.4        -552 
 102.6        -552 
 102.7        -552 
 102.9        -552 
 103.1        -552 
 103.2        -552 
 103.4        -552 
 103.6        -488 
 103.7        -488 
 103.9        -488 
 104.1        -490 
 104.2        -495 
 104.4        -500 
 104.6        -507 
 104.7        -509 
 104.9        -513 
 105.1        -517 
 105.2        -519 
 105.4        -522 
 105.6        -526 
 105.7        -526 
 105.9        -525 
 106.1        -525 
 106.3        -525 
 106.4        -526 
 106.6        -528 
 106.7        -553 
 106.9        -553 
 107.1        -553 
 107.2        -553 
 107.5        -553 
 107.7        -553 
 107.9        -553 
 108.1        -553 
 108.2        -529 
 108.5        -481 
 108.7        -481 
 108.9        -492 
 109.1        -496 
 109.2        -498 
 109.4        -504 
 109.7        -505 
 109.9        -505 
 110.1        -506 
 110.2        -506 
 110.4        -507 
 110.6        -509 
 110.7        -513 
 110.9        -514 
 111.1        -518 
 111.2        -522 
 111.4        -526 
 111.6        -552 
 111.7        -552 
 111.9        -552 
 112.1        -552 
 112.2        -552 
 112.4        -552 
 112.6        -552 
 112.7        -552 
 112.9        -552 
 113.1        -547 
 113.2        -491 
 113.4        -459 
 113.6        -459 
 113.7        -461 
 113.9        -462 
 114.1        -463 
 114.3        -464 
 114.4        -465 
 114.6        -468 
 114.7        -471 
 114.9        -475 
 115.1        -481 
 115.3        -483 
 115.4        -485 
 115.6        -493 
 115.7        -494 
 115.9        -500 
 116.1        -504 
 116.2        -505 
 116.5        -511 
 116.7        -515 
 116.9        -520 
 117.1        -524 
 117.2        -525 
 117.4        -530 
 117.7        -531 
 117.9        -531 
 118.1        -530 
 118.2        -530 
 118.5        -531 
 118.7        -552 
 118.9        -552 
 119.1        -552 
 119.2        -552 
 119.4        -552 
 119.7        -552 
 119.9        -552 
 120.1        -494 
 120.2        -477 
 120.4        -477 
 120.6        -480 
 120.7        -483 
 120.9        -487 
 121.1        -492 
 121.2        -494 
 121.4        -500 
 121.6        -503 
 121.7        -504 
 121.9        -504 
 122.1        -504 
 122.2        -504 
 122.4        -504 
 122.6        -508 
 122.7        -510 
 122.9        -515 
 123.1        -517 
 123.2        -519 
 123.4        -523 
 123.6        -528 
 123.7        -553 
 123.9        -553 
 124.1        -553 
 124.3        -553 
 124.4        -553 
 124.6        -553 
 124.7        -553 
 124.9        -553 
 125.1        -553 
 125.2        -542 
 125.4        -477 
 125.6        -477 
 125.7        -477 
 125.9        -479 
 126.1        -479 
 126.3        -479 
 126.4        -480 
 126.6        -484 
 126.7        -486 
 126.9        -489 
 127.1        -495 
 127.2        -498 
 127.5        -503 
 127.7        -509 
 127.9        -514 
 128.1        -518 
 128.4        -524 
 128.6        -527 
 128.8        -533 
 129          -536 
